36880.942322 -0.00558 0.00211 0.23504 -0.00023 0.00110 0.00072 1.00000
36880.952172 0.00112 0.00900 0.26755 -0.00036 0.00111 -0.00018 1.00000
36880.962279 0.00447 -0.00643 0.31638 -0.00010 0.00138 0.00047 1.00000
36880.972639 -0.00488 -0.00472 0.40098 -0.00040 0.00169 0.00008 1.00000
36880.982212 -0.00070 -0.00237 0.43223 -0.00058 0.00186 -0.00054 1.00000
36880.992614 -0.00562 -0.00281 0.48864 -0.00032 0.00238 0.00094 1.00000
36881.002177 -0.00514 -0.01330 0.50714 -0.00080 0.00286 0.00019 1.00000
36881.012258 -0.00538 -0.00855 0.60535 -0.00074 0.00281 0.00078 1.00000
36881.022217 0.00032 -0.00703 0.62394 -0.00040 0.00292 0.00102 1.00000
36881.032302 -0.01376 0.00712 0.68997 -0.00051 0.00391 -0.00022 0.99999
36881.042662 -0.00835 -0.00570 0.70759 0.00006 0.00413 0.00108 0.99999
36881.052271 -0.00017 -0.00084 0.78503 -0.00061 0.00394 -0.00105 0.99999
36881.062628 0.01060 -0.00425 0.83286 -0.00071 0.00419 0.00036 0.99999
36881.072240 0.00779 0.00276 0.90413 -0.00036 0.00450 -0.00017 0.99999
36881.082315 0.01005 -0.00446 0.93300 -0.00069 0.00470 0.00082 0.99999
36881.092178 0.00639 -0.00435 0.99456 -0.00023 0.00496 0.00019 0.99999
36881.102248 0.02150 -0.01071 1.06251 -0.00008 0.00522 0.00065 0.99999
36881.112649 0.01044 -0.00836 1.07798 -0.00041 0.00550 0.00054 0.99998
36881.122223 0.00045 -0.00519 1.14417 -0.00019 0.00592 0.00129 0.99998
36881.132314 0.01610 -0.00048 1.19379 -0.00010 0.00637 0.00140 0.99998
36881.142390 0.02078 -0.00958 1.26513 -0.00065 0.00644 0.00068 0.99998
36881.152620 0.00662 -0.01748 1.29560 -0.00030 0.00635 0.00123 0.99998
36881.162186 0.01249 -0.00847 1.34425 0.00011 0.00652 0.00043 0.99998
36881.172267 0.01498 -0.00264 1.40392 0.00002 0.00685 0.00060 0.99998
36881.182212 0.02053 0.00168 1.44447 0.00052 0.00695 0.00014 0.99998
36881.192311 0.02106 -0.00368 1.49031 0.00033 0.00770 0.00076 0.99997
36881.202212 0.01653 0.00497 1.54829 -0.00043 0.00761 0.00179 0.99997
36881.212312 0.01793 0.00487 1.59387 -0.00008 0.00779 0.00161 0.99997
36881.222167 0.01336 -0.00434 1.63177 -0.00031 0.00833 0.00080 0.99996
36881.232263 0.01013 0.00256 1.67870 -0.00023 0.00869 0.00110 0.99996
36881.242209 0.00142 0.00213 1.74084 0.00036 0.00931 0.00078 0.99996
36881.252323 -0.00781 0.01984 1.76452 0.00027 0.00975 -0.00022 0.99995
36881.262396 -0.00448 0.01706 1.83872 0.00028 0.01008 0.00117 0.99995
36881.272275 0.01663 0.02274 1.90261 0.00039 0.01027 0.00257 0.99994
36881.282359 0.01275 0.01919 1.93499 0.00030 0.01066 0.00116 0.99994
36881.292176 0.01542 0.01307 2.01605 0.00056 0.01148 0.00097 0.99993
36881.302248 0.01388 0.02091 2.04408 0.00044 0.01139 0.00113 0.99993
36881.312236 0.01732 0.02214 2.10578 0.00025 0.01199 0.00097 0.99993
36881.322639 -0.00180 0.03235 2.13157 0.00053 0.01257 0.00028 0.99992
36881.332239 -0.00048 0.03912 2.17505 0.00114 0.01297 0.00065 0.99991
36881.342184 0.02292 0.03990 2.23735 0.00153 0.01329 0.00247 0.99991
36881.352259 0.01407 0.02658 2.30840 0.00063 0.01372 0.00275 0.99990
36881.362354 0.02135 0.02411 2.36032 0.00040 0.01380 0.00165 0.99990
36881.372253 0.02578 0.02113 2.44137 0.00051 0.01438 0.00215 0.99989
36881.382329 0.03735 0.01165 2.47380 0.00024 0.01461 0.00306 0.99989
36881.392160 0.04387 0.01245 2.52736 0.00004 0.01507 0.00239 0.99988
36881.402231 0.03553 0.01733 2.57515 0.00000 0.01538 0.00198 0.99988
36881.412193 0.03054 0.01579 2.62904 0.00026 0.01639 0.00164 0.99986
36881.422649 0.03655 0.01415 2.69027 -0.00003 0.01662 0.00204 0.99986
36881.432226 0.03908 0.00974 2.76058 -0.00001 0.01733 0.00075 0.99985
36881.442202 0.04866 0.01388 2.81008 -0.00006 0.01759 0.00247 0.99984
36881.452621 0.04981 0.02333 2.86328 0.00014 0.01795 0.00293 0.99983
36881.462220 0.05442 0.01678 2.89836 -0.00032 0.01877 0.00172 0.99982
36881.472189 0.05668 0.01854 2.96722 0.00021 0.01909 0.00152 0.99982
36881.482335 0.05938 0.01751 3.03070 -0.00024 0.01986 0.00239 0.99980
36881.492407 0.06029 0.01677 3.06956 -0.00005 0.02058 0.00279 0.99978
36881.502294 0.06050 0.02113 3.12891 -0.00021 0.02085 0.00260 0.99978
36881.512662 0.07384 0.02245 3.16751 -0.00030 0.02164 0.00389 0.99976
36881.522643 0.07233 0.02488 3.24503 -0.00007 0.02189 0.00341 0.99975
36881.532220 0.07807 0.01382 3.31471 0.00005 0.02228 0.00283 0.99975
36881.542223 0.08392 0.00854 3.36183 -0.00040 0.02305 0.00408 0.99973
36881.552643 0.09168 0.00896 3.40315 -0.00057 0.02341 0.00399 0.99972
36881.562311 0.08846 0.01865 3.45766 -0.00027 0.02433 0.00456 0.99969
36881.572236 0.09832 0.00742 3.52737 -0.00061 0.02465 0.00540 0.99968
36881.582332 0.10112 0.01804 3.55416 -0.00000 0.02528 0.00521 0.99967
36881.592291 0.10566 0.02224 3.61787 -0.00022 0.02620 0.00543 0.99964
36881.602647 0.10426 0.01829 3.70025 -0.00013 0.02671 0.00474 0.99963
36881.612225 0.11790 0.00895 3.74768 -0.00045 0.02723 0.00491 0.99962
36881.622222 0.12746 0.00899 3.79484 -0.00008 0.02818 0.00571 0.99959
36881.632183 0.12945 0.01160 3.87037 -0.00008 0.02873 0.00699 0.99956
36881.652645 0.14097 0.00979 3.96492 -0.00009 0.03022 0.00598 0.99953
36881.662221 0.14886 0.01328 3.99722 0.00001 0.03003 0.00636 0.99953
36881.672188 0.15812 0.00771 4.05054 -0.00008 0.03070 0.00684 0.99951
36881.682171 0.15810 0.00229 4.11989 -0.00018 0.03175 0.00665 0.99947
36881.692639 0.15505 0.01493 4.20262 -0.00012 0.03270 0.00715 0.99944
36881.702198 0.16793 0.01868 4.31695 -0.00047 0.03318 0.00735 0.99942
36881.712306 0.17130 0.02631 4.30704 0.00003 0.03359 0.00786 0.99940
36881.722207 0.17863 0.02689 4.36697 0.00013 0.03427 0.00767 0.99938
36881.732224 0.18170 0.02189 4.39618 -0.00032 0.03483 0.00789 0.99936
36881.742205 0.18225 0.02606 4.48777 -0.00040 0.03563 0.00787 0.99933
36881.752345 0.18110 0.02947 4.52595 -0.00061 0.03669 0.00793 0.99930
36881.762273 0.20941 0.02787 4.61169 -0.00078 0.03682 0.00975 0.99927
36881.772347 0.20947 0.03014 4.66163 -0.00059 0.03735 0.00835 0.99927
36881.782289 0.21372 0.03223 4.72804 -0.00075 0.03816 0.00833 0.99924
36881.792249 0.21184 0.02811 4.77822 -0.00062 0.03909 0.00801 0.99920
36881.802318 0.23803 0.03136 4.85415 -0.00066 0.03950 0.01015 0.99917
36881.812251 0.25336 0.02978 4.90177 -0.00089 0.03953 0.01091 0.99916
36881.822227 0.24863 0.02332 4.96561 -0.00096 0.04064 0.01044 0.99912
36881.832191 0.26358 0.02903 5.02399 -0.00127 0.04140 0.00943 0.99910
36881.842315 0.25621 0.02797 5.06560 -0.00104 0.04196 0.01004 0.99907
36881.852284 0.25631 0.02048 5.12851 -0.00128 0.04274 0.01034 0.99903
36881.862280 0.26962 0.03281 5.18869 -0.00118 0.04299 0.00998 0.99902
36881.872361 0.29349 0.04255 5.25442 -0.00056 0.04383 0.01120 0.99898
36881.882281 0.30531 0.03788 5.30805 -0.00080 0.04427 0.01160 0.99895
36881.892287 0.29624 0.03284 5.36718 -0.00108 0.04505 0.01099 0.99892
36881.902257 0.30705 0.02441 5.42988 -0.00089 0.04602 0.01072 0.99888
36881.912337 0.32071 0.03708 5.48812 -0.00081 0.04601 0.01160 0.99887
36881.922274 0.32828 0.03582 5.55024 -0.00078 0.04716 0.01138 0.99882
36881.932356 0.32865 0.03549 5.61318 -0.00065 0.04742 0.01173 0.99881
36881.942277 0.35550 0.02618 5.68499 -0.00056 0.04804 0.01263 0.99877
36881.952247 0.35671 0.02935 5.72880 -0.00078 0.04933 0.01148 0.99872
36881.962224 0.34317 0.03190 5.76769 -0.00081 0.04961 0.01249 0.99869
36881.972192 0.33668 0.03495 5.81126 -0.00045 0.05055 0.01166 0.99865
36881.982179 0.36922 0.03264 5.89565 -0.00063 0.05090 0.01201 0.99863
36881.992258 0.38057 0.02876 5.93977 -0.00104 0.05156 0.01257 0.99859
36882.002408 0.39564 0.02378 6.04141 -0.00092 0.05200 0.01365 0.99855
36882.012248 0.40096 0.02112 6.10490 -0.00113 0.05250 0.01360 0.99853
36882.022174 0.40348 0.02608 6.15800 -0.00106 0.05331 0.01364 0.99848
36882.032658 0.41361 0.01676 6.23317 -0.00101 0.05382 0.01425 0.99845
36882.042226 0.42672 0.01256 6.29470 -0.00139 0.05455 0.01388 0.99841
36882.052394 0.43794 0.01321 6.35769 -0.00138 0.05550 0.01420 0.99836
36882.062234 0.45815 0.01871 6.40314 -0.00119 0.05575 0.01338 0.99835
36882.072341 0.45017 0.01577 6.47616 -0.00129 0.05656 0.01347 0.99831
36882.082189 0.47382 0.01618 6.54443 -0.00145 0.05710 0.01492 0.99826
36882.092171 0.48246 0.01888 6.58991 -0.00146 0.05801 0.01450 0.99821
36882.102616 0.49645 0.01157 6.68185 -0.00188 0.05834 0.01514 0.99818
36882.112182 0.51475 0.00680 6.73564 -0.00177 0.05904 0.01419 0.99815
36882.122417 0.52549 0.00198 6.79565 -0.00194 0.06021 0.01372 0.99809
36882.132268 0.53251 -0.00603 6.84750 -0.00197 0.06051 0.01453 0.99806
36882.142223 0.54114 -0.00540 6.90445 -0.00177 0.06127 0.01488 0.99801
36882.152166 0.55324 -0.00419 6.98688 -0.00185 0.06211 0.01531 0.99795
36882.162442 0.56066 -0.00462 7.07026 -0.00156 0.06259 0.01509 0.99792
36882.172509 0.57177 0.00049 7.13394 -0.00141 0.06325 0.01523 0.99788
36882.182575 0.58731 0.00979 7.19054 -0.00171 0.06397 0.01593 0.99782
36882.192646 0.60004 -0.00106 7.22633 -0.00143 0.06460 0.01608 0.99778
36882.202216 0.61043 0.00684 7.29215 -0.00176 0.06501 0.01644 0.99775
36882.212318 0.63019 0.00704 7.41080 -0.00128 0.06593 0.01585 0.99770
36882.232222 0.64657 -0.00264 7.50037 -0.00192 0.06754 0.01606 0.99759
36882.242658 0.66667 -0.00374 7.54664 -0.00197 0.06816 0.01685 0.99753
36882.252314 0.68057 -0.01084 7.60316 -0.00271 0.06860 0.01662 0.99750
36882.262478 0.68946 -0.00591 7.67997 -0.00250 0.06923 0.01764 0.99744
36882.272241 0.70421 -0.00053 7.74118 -0.00252 0.06962 0.01835 0.99740
36882.282176 0.71360 -0.00071 7.77966 -0.00241 0.07048 0.01844 0.99734
36882.292263 0.71389 -0.00168 7.85154 -0.00306 0.07130 0.01740 0.99730
36882.302199 0.72476 0.01141 7.92632 -0.00266 0.07208 0.01827 0.99723
36882.312648 0.73174 0.01332 8.01396 -0.00296 0.07287 0.01772 0.99718
36882.322216 0.73800 0.01151 8.05602 -0.00339 0.07383 0.01853 0.99709
36882.332164 0.75857 -0.01345 8.11154 -0.00394 0.07454 0.01874 0.99703
36882.342615 0.77113 -0.00428 8.15312 -0.00385 0.07510 0.01679 0.99703
36882.352177 0.76594 0.00241 8.19017 -0.00375 0.07635 0.01799 0.99691
36882.372310 0.80989 0.00222 8.37437 -0.00409 0.07751 0.01768 0.99683
36882.382449 0.82171 0.01784 8.44168 -0.00369 0.07796 0.01890 0.99677
36882.392512 0.84058 0.01729 8.51016 -0.00407 0.07860 0.01804 0.99673
36882.402578 0.85151 0.02237 8.56796 -0.00385 0.07915 0.01840 0.99669
36882.412644 0.85770 0.01114 8.61443 -0.00421 0.07996 0.01899 0.99661
36882.422210 0.88738 0.01630 8.68774 -0.00383 0.08059 0.01940 0.99655
36882.432413 0.89920 0.00484 8.74108 -0.00449 0.08125 0.01810 0.99652
36882.442478 0.91628 0.01106 8.81784 -0.00463 0.08228 0.01779 0.99644
36882.452254 0.91154 0.02903 8.91034 -0.00425 0.08281 0.01836 0.99639
36882.462329 0.93286 0.02870 8.97246 -0.00419 0.08345 0.01949 0.99631
36882.472613 0.94677 0.02770 9.06400 -0.00400 0.08459 0.01817 0.99624
36882.482186 0.95372 0.02383 9.11643 -0.00432 0.08523 0.01863 0.99618
36882.492420 0.97273 0.01516 9.14638 -0.00447 0.08567 0.01962 0.99612
36882.502484 0.99989 0.02459 9.20540 -0.00454 0.08607 0.01868 0.99610
36882.512200 0.99797 0.02405 9.27667 -0.00412 0.08720 0.01803 0.99602
36882.522654 1.02361 0.02724 9.39843 -0.00449 0.08811 0.01743 0.99595
36882.532221 1.02745 0.03971 9.44127 -0.00408 0.08846 0.01921 0.99589
36882.542190 1.04285 0.02801 9.48800 -0.00436 0.08932 0.01863 0.99582
36882.552169 1.07155 0.02359 9.56351 -0.00426 0.08982 0.01781 0.99579
36882.562629 1.07668 0.03034 9.65397 -0.00387 0.09098 0.01750 0.99569
36882.572190 1.08376 0.03785 9.69155 -0.00382 0.09164 0.01749 0.99563
36882.582171 1.08911 0.03589 9.74635 -0.00361 0.09269 0.01680 0.99555
36882.592348 1.11813 0.03233 9.82013 -0.00393 0.09307 0.01825 0.99548
36882.602423 1.13316 0.03474 9.91082 -0.00402 0.09349 0.01699 0.99547
36882.612487 1.14528 0.03235 9.95326 -0.00350 0.09450 0.01850 0.99535
36882.622656 1.17611 0.02795 10.01655 -0.00349 0.09509 0.01785 0.99530
36882.632330 1.18179 0.03665 10.07779 -0.00339 0.09612 0.01793 0.99520
36882.642407 1.19510 0.03683 10.14025 -0.00318 0.09654 0.01850 0.99515
36882.652471 1.22302 0.05666 10.20626 -0.00208 0.09675 0.02027 0.99510
36882.662537 1.23129 0.03784 10.26594 -0.00280 0.09822 0.01936 0.99497
36882.672600 1.24347 0.02652 10.34639 -0.00269 0.09878 0.01868 0.99493
36882.682163 1.26393 0.03023 10.39573 -0.00204 0.09963 0.01861 0.99485
36882.692313 1.28170 0.02634 10.48252 -0.00224 0.10014 0.01881 0.99479
36882.702469 1.29778 0.02743 10.54444 -0.00160 0.10114 0.01941 0.99468
36882.712533 1.32474 0.03104 10.62422 -0.00161 0.10144 0.01904 0.99466
36882.722598 1.33751 0.04133 10.69455 -0.00087 0.10214 0.02030 0.99456
36882.732663 1.35422 0.03678 10.76372 -0.00083 0.10291 0.01925 0.99450
36882.742241 1.37518 0.03684 10.80611 0.00001 0.10397 0.01886 0.99440
36882.752428 1.39188 0.04010 10.90004 0.00043 0.10459 0.01947 0.99432
36882.762491 1.40197 0.05571 11.00526 0.00110 0.10555 0.02132 0.99418
36882.772555 1.41514 0.05318 11.06370 0.00137 0.10616 0.01989 0.99415
36882.782618 1.44354 0.02848 11.07798 0.00137 0.10663 0.02061 0.99408
36882.792180 1.45619 0.02497 11.11656 0.00109 0.10751 0.01749 0.99405
36882.802397 1.48449 0.02993 11.22131 0.00175 0.10837 0.01871 0.99393
36882.812462 1.49030 0.05614 11.30207 0.00334 0.10917 0.02186 0.99378
36882.822526 1.50496 0.06029 11.40913 0.00317 0.11019 0.02226 0.99366
36882.832589 1.52750 0.05459 11.46193 0.00315 0.11088 0.01960 0.99364
36882.842652 1.55132 0.04324 11.51657 0.00399 0.11140 0.02156 0.99353
36882.852226 1.57266 0.05284 11.58058 0.00396 0.11239 0.02190 0.99342
36882.862406 1.58544 0.05850 11.68239 0.00473 0.11306 0.02250 0.99332
36882.872469 1.59731 0.05789 11.75097 0.00512 0.11409 0.02181 0.99322
36882.882532 1.61469 0.06720 11.80548 0.00530 0.11511 0.02159 0.99310
36882.892596 1.63416 0.05371 11.85652 0.00564 0.11570 0.02169 0.99303
36882.902157 1.66309 0.06209 11.93011 0.00571 0.11679 0.02161 0.99291
36882.912231 1.68137 0.05907 12.01860 0.00568 0.11743 0.02098 0.99284
36882.922403 1.70465 0.05893 12.07775 0.00633 0.11842 0.02298 0.99268
36882.932468 1.71971 0.07848 12.15135 0.00668 0.11893 0.02282 0.99262
36882.942532 1.73857 0.04644 12.21182 0.00633 0.11977 0.02099 0.99256
36882.952642 1.76780 0.04850 12.29182 0.00693 0.12036 0.02112 0.99248
36882.962211 1.78195 0.05831 12.36847 0.00699 0.12158 0.02150 0.99232
36882.972339 1.80219 0.04501 12.42960 0.00665 0.12253 0.01933 0.99225
36882.982182 1.80723 0.05874 12.50824 0.00713 0.12363 0.02095 0.99208
36883.002229 1.85558 0.06410 12.63933 0.00744 0.12498 0.02149 0.99190
36883.012166 1.88366 0.05798 12.74040 0.00739 0.12583 0.02126 0.99180
36883.022627 1.88054 0.05838 12.78564 0.00691 0.12722 0.02094 0.99163
36883.032188 1.88862 0.04779 12.83652 0.00697 0.12785 0.02047 0.99156
36883.042617 1.93612 0.05464 12.89144 0.00732 0.12876 0.02212 0.99140
36883.052248 1.97419 0.05512 12.98893 0.00679 0.12901 0.02156 0.99139
36883.062634 1.99461 0.03971 13.03908 0.00674 0.13009 0.02009 0.99128
36883.072195 1.99933 0.05837 13.12882 0.00713 0.13127 0.02168 0.99108
36883.082641 2.01602 0.05653 13.21595 0.00687 0.13212 0.01995 0.99101
36883.092260 2.04166 0.06383 13.31345 0.00661 0.13291 0.02004 0.99090
36883.102641 2.06137 0.06394 13.33041 0.00675 0.13368 0.02053 0.99079
36883.112213 2.08494 0.05920 13.45677 0.00635 0.13454 0.02077 0.99067
36883.122290 2.10522 0.03912 13.49048 0.00563 0.13520 0.01968 0.99061
36883.132171 2.13527 0.04260 13.50841 0.00609 0.13614 0.02080 0.99045
36883.142328 2.15888 0.02925 13.56851 0.00575 0.13679 0.02030 0.99038
36883.152240 2.19760 0.02546 13.62362 0.00534 0.13756 0.02088 0.99026
36883.162622 2.21615 0.02673 13.72498 0.00518 0.13879 0.01981 0.99011
36883.172183 2.23538 0.02073 13.80105 0.00477 0.13966 0.02069 0.98997
36883.182324 2.27726 0.01781 13.86557 0.00490 0.14024 0.02045 0.98989
36883.192199 2.29037 0.02746 13.93881 0.00457 0.14134 0.02176 0.98971
36883.202182 2.29438 0.01898 13.97827 0.00454 0.14214 0.02043 0.98963
36883.212305 2.34032 0.03074 14.12760 0.00457 0.14282 0.02122 0.98951
36883.222636 2.33920 0.03556 14.17478 0.00460 0.14392 0.02079 0.98936
36883.232196 2.38987 0.02100 14.24543 0.00423 0.14475 0.02119 0.98923
36883.242366 2.41311 0.02785 14.33661 0.00437 0.14575 0.02174 0.98907
36883.252611 2.44070 0.00522 14.37913 0.00336 0.14650 0.01972 0.98901
36883.262180 2.48003 0.00164 14.37275 0.00318 0.14716 0.02082 0.98889
36883.272325 2.50547 -0.01848 14.43783 0.00283 0.14797 0.02020 0.98878
36883.282181 2.49811 -0.01734 14.47551 0.00259 0.14890 0.02014 0.98864
36883.292304 2.51112 -0.03435 14.50632 0.00228 0.15030 0.02094 0.98842
36883.302243 2.57609 0.00066 14.69549 0.00205 0.15087 0.02057 0.98834
36883.312633 2.59209 0.00148 14.80254 0.00237 0.15200 0.02140 0.98815
36883.322194 2.61312 0.00844 14.83914 0.00219 0.15299 0.02144 0.98799
36883.332232 2.66061 -0.01317 14.91362 0.00172 0.15364 0.02082 0.98791
36883.342622 2.68370 -0.02663 14.94925 0.00146 0.15431 0.02105 0.98780
36883.352184 2.70097 -0.03986 14.99733 0.00089 0.15525 0.02005 0.98767
36883.362386 2.73651 -0.03657 15.01177 0.00076 0.15638 0.02033 0.98749
36883.372607 2.76931 -0.04332 15.10328 0.00058 0.15701 0.02174 0.98736
36883.382169 2.78638 0.00193 15.30793 0.00127 0.15807 0.02146 0.98719
36883.392255 2.77084 0.02308 15.37476 0.00187 0.15972 0.02229 0.98691
36883.402177 2.80637 -0.00227 15.42997 0.00135 0.16027 0.02166 0.98683
36883.412612 2.85014 -0.02154 15.40266 0.00046 0.16125 0.02163 0.98668
36883.422171 2.91853 -0.02463 15.51887 0.00026 0.16169 0.02146 0.98661
36883.432259 2.93269 -0.02277 15.56980 -0.00014 0.16283 0.02157 0.98642
36883.442184 2.94520 -0.04669 15.60485 -0.00005 0.16357 0.02301 0.98626
36883.452180 2.97588 -0.04981 15.68661 -0.00046 0.16471 0.02108 0.98612
36883.462323 2.99347 -0.02179 15.75393 -0.00035 0.16570 0.02097 0.98595
36883.472236 3.01950 -0.04349 15.84728 -0.00049 0.16692 0.02159 0.98573
36883.482164 3.05642 -0.03720 15.93223 -0.00107 0.16771 0.02158 0.98560
36883.492260 3.07570 -0.03577 15.99698 -0.00090 0.16840 0.02170 0.98548
36883.502176 3.12182 -0.02325 16.12849 -0.00089 0.16928 0.02196 0.98532
36883.512339 3.14722 -0.02355 16.19626 -0.00090 0.17034 0.02157 0.98515
36883.522164 3.16416 -0.03549 16.21949 -0.00129 0.17157 0.02123 0.98494
36883.532305 3.20299 -0.01234 16.30984 -0.00125 0.17229 0.02098 0.98482
36883.542259 3.25345 -0.01070 16.36124 -0.00084 0.17332 0.02211 0.98462
36883.552652 3.27092 -0.01108 16.41927 -0.00119 0.17355 0.02171 0.98458
36883.562303 3.29415 -0.00674 16.50424 -0.00125 0.17515 0.02264 0.98428
36883.572263 3.32761 0.00412 16.65601 -0.00076 0.17572 0.02342 0.98416
36883.582649 3.35418 0.00028 16.75673 -0.00098 0.17676 0.02333 0.98398
36883.592220 3.39885 0.00488 16.79744 -0.00099 0.17785 0.02326 0.98378
36883.602171 3.41543 -0.01982 16.79552 -0.00143 0.17884 0.02352 0.98360
36883.612313 3.43841 0.01333 16.89769 -0.00162 0.17962 0.02252 0.98348
36883.622252 3.47229 -0.01295 16.98894 -0.00151 0.18092 0.02250 0.98324
36883.632171 3.49225 -0.02696 17.07481 -0.00213 0.18193 0.02144 0.98308
36883.642252 3.52227 -0.00769 17.13188 -0.00122 0.18293 0.02224 0.98287
36883.652652 3.54904 -0.00880 17.23657 -0.00167 0.18369 0.02350 0.98270
36883.662216 3.56810 0.02561 17.30988 -0.00126 0.18496 0.02314 0.98247
36883.672156 3.57326 0.01452 17.38492 -0.00114 0.18622 0.02390 0.98222
36883.682308 3.60610 0.01626 17.45354 -0.00141 0.18696 0.02396 0.98207
36883.692454 3.68971 0.01186 17.54552 -0.00111 0.18779 0.02301 0.98194
36883.702618 3.74253 -0.01500 17.58485 -0.00189 0.18837 0.02251 0.98184
36883.712177 3.77735 -0.02070 17.63922 -0.00222 0.18945 0.02291 0.98162
36883.722197 3.81021 -0.02047 17.72902 -0.00194 0.19006 0.02354 0.98149
36883.732635 3.81753 -0.01256 17.80639 -0.00196 0.19171 0.02360 0.98116
36883.742225 3.83928 -0.01743 17.88542 -0.00204 0.19277 0.02268 0.98098
36883.752415 3.89167 -0.01235 17.96369 -0.00161 0.19341 0.02335 0.98084
36883.762168 3.94899 -0.00536 18.05850 -0.00193 0.19404 0.02279 0.98073
36883.772295 3.96417 -0.00830 18.10509 -0.00179 0.19538 0.02243 0.98047
36883.782437 4.01238 0.01681 18.24649 -0.00148 0.19646 0.02245 0.98025
36883.792294 4.02452 -0.00038 18.34771 -0.00155 0.19757 0.02298 0.98002
36883.802211 4.04399 -0.00803 18.36594 -0.00192 0.19862 0.02317 0.97980
36883.812420 4.08734 -0.00784 18.41727 -0.00165 0.19972 0.02247 0.97959
36883.822643 4.13348 -0.03553 18.46098 -0.00257 0.20062 0.02177 0.97942
36883.832210 4.16258 -0.03716 18.54981 -0.00181 0.20163 0.02167 0.97922
36883.842415 4.20200 -0.02576 18.63905 -0.00188 0.20257 0.02212 0.97902
36883.852258 4.21577 -0.01648 18.68241 -0.00174 0.20353 0.02196 0.97882
36883.862648 4.26221 -0.01180 18.77392 -0.00215 0.20430 0.02169 0.97867
36883.872217 4.28071 -0.01649 18.83199 -0.00204 0.20559 0.02291 0.97837
36883.882287 4.33746 -0.03681 18.90638 -0.00203 0.20655 0.02134 0.97820
36883.892193 4.37344 -0.01194 18.98519 -0.00149 0.20728 0.02384 0.97799
36883.902397 4.40406 0.00503 19.07392 -0.00144 0.20847 0.02293 0.97776
36883.912460 4.45556 0.00829 19.17439 -0.00059 0.20941 0.02239 0.97757
36883.922527 4.48413 0.02084 19.24310 -0.00104 0.21042 0.02343 0.97733
36883.932292 4.51616 0.01322 19.34883 -0.00129 0.21178 0.02236 0.97706
36883.942618 4.52843 -0.01016 19.35040 -0.00122 0.21269 0.02346 0.97684
36883.952177 4.59031 -0.00814 19.43495 -0.00164 0.21342 0.02313 0.97668
36883.962259 4.63819 -0.00061 19.51691 -0.00117 0.21420 0.02303 0.97652
36883.972175 4.66631 -0.00130 19.59187 -0.00124 0.21579 0.02330 0.97616
36883.982397 4.71586 -0.00034 19.72169 -0.00081 0.21641 0.02374 0.97601
36883.992647 4.76928 0.01138 19.76718 -0.00090 0.21725 0.02321 0.97584
36884.002218 4.79407 -0.00411 19.81746 -0.00104 0.21795 0.02304 0.97569
36884.012327 4.83507 0.01133 19.92664 -0.00083 0.21924 0.02278 0.97540
36884.022160 4.88413 0.00480 20.00341 -0.00039 0.22047 0.02415 0.97510
36884.032243 4.88568 0.00929 20.03032 -0.00074 0.22154 0.02276 0.97489
36884.042184 4.89489 0.00672 20.08194 -0.00097 0.22294 0.02375 0.97454
36884.052392 4.97118 0.00009 20.19332 -0.00107 0.22340 0.02360 0.97444
36884.062161 5.03178 -0.00834 20.27965 -0.00082 0.22414 0.02403 0.97426
36884.072293 5.05533 -0.00480 20.33991 -0.00078 0.22558 0.02326 0.97395
36884.082449 5.06852 0.00135 20.42489 -0.00092 0.22690 0.02244 0.97366
36884.092184 5.12376 0.00664 20.49800 -0.00097 0.22779 0.02236 0.97345
36884.102405 5.18122 0.01404 20.56355 -0.00099 0.22835 0.02275 0.97331
36884.112655 5.22316 0.01432 20.66054 -0.00060 0.22945 0.02297 0.97305
36884.122314 5.26481 0.02064 20.72688 -0.00042 0.23035 0.02348 0.97282
36884.132627 5.32551 0.01396 20.81071 -0.00096 0.23129 0.02307 0.97261
36884.142188 5.34971 0.00782 20.86556 -0.00076 0.23238 0.02331 0.97235
36884.152416 5.39568 0.00342 20.95544 -0.00113 0.23343 0.02410 0.97207
36884.162183 5.43058 0.02566 21.00974 -0.00121 0.23410 0.02408 0.97191
36884.172324 5.46786 0.00644 21.07851 -0.00097 0.23533 0.02337 0.97163
36884.182484 5.53186 0.01689 21.22187 -0.00119 0.23634 0.02352 0.97138
36884.192654 5.55467 0.00294 21.25610 -0.00137 0.23747 0.02217 0.97114
36884.202224 5.60445 -0.00439 21.26650 -0.00166 0.23827 0.02301 0.97092
36884.212430 5.66357 0.03074 21.36560 -0.00139 0.23899 0.02314 0.97075
36884.222493 5.69299 0.03705 21.47915 -0.00186 0.24020 0.02340 0.97044
36884.232238 5.74434 0.01634 21.53895 -0.00223 0.24113 0.02247 0.97023
36884.242184 5.77613 0.04073 21.61781 -0.00200 0.24242 0.02299 0.96990
36884.252614 5.80940 0.03790 21.66387 -0.00243 0.24320 0.02260 0.96971
36884.262175 5.86927 0.03318 21.73496 -0.00254 0.24403 0.02268 0.96950
36884.272613 5.91109 0.03416 21.81556 -0.00254 0.24513 0.02313 0.96921
36884.282178 5.94932 0.03338 21.88094 -0.00304 0.24603 0.02131 0.96902
36884.292247 5.99376 0.04089 21.95329 -0.00295 0.24696 0.02235 0.96876
36884.302654 6.04389 0.04735 22.00699 -0.00243 0.24782 0.02268 0.96854
36884.312318 6.09999 0.04201 22.10927 -0.00331 0.24869 0.02257 0.96831
36884.322480 6.18576 0.05347 22.20330 -0.00330 0.24947 0.02312 0.96810
36884.332237 6.22412 0.05963 22.28699 -0.00334 0.25056 0.02187 0.96785
36884.342324 6.25975 0.04408 22.37473 -0.00355 0.25170 0.02240 0.96754
36884.352183 6.28960 0.05081 22.42085 -0.00425 0.25280 0.02134 0.96727
36884.362390 6.34403 0.05217 22.48294 -0.00425 0.25365 0.02306 0.96701
36884.372455 6.38966 0.04435 22.55883 -0.00453 0.25454 0.02201 0.96680
36884.392315 6.46632 0.03687 22.72100 -0.00478 0.25677 0.02165 0.96622
36884.402459 6.51488 0.06052 22.78787 -0.00445 0.25812 0.02169 0.96586
36884.412630 6.55384 0.06235 22.85895 -0.00481 0.25869 0.02224 0.96569
36884.422191 6.65995 0.04845 23.01237 -0.00461 0.25951 0.02232 0.96547
36884.432266 6.66834 0.07720 23.04465 -0.00474 0.26099 0.02172 0.96509
36884.442635 6.74541 0.07145 23.11477 -0.00433 0.26155 0.02241 0.96492
36884.452196 6.76605 0.07151 23.16793 -0.00461 0.26240 0.02193 0.96470
36884.462171 6.82714 0.05728 23.26111 -0.00509 0.26369 0.02023 0.96438
36884.472336 6.87354 0.08343 23.34433 -0.00495 0.26482 0.02050 0.96407
36884.482646 6.88207 0.06837 23.37797 -0.00452 0.26629 0.02136 0.96365
36884.492217 6.97363 0.06995 23.49940 -0.00563 0.26713 0.01945 0.96345
36884.502426 7.02840 0.07542 23.57330 -0.00497 0.26768 0.01995 0.96329
36884.512615 7.06110 0.08378 23.62521 -0.00492 0.26912 0.01904 0.96291
36884.522178 7.10220 0.07123 23.70078 -0.00456 0.27017 0.02026 0.96259
36884.532317 7.14851 0.08126 23.78060 -0.00464 0.27133 0.01899 0.96229
36884.542474 7.18576 0.06554 23.85860 -0.00455 0.27232 0.01931 0.96200
36884.552163 7.27106 0.08176 23.94824 -0.00477 0.27311 0.01892 0.96178
36884.562334 7.33154 0.08701 24.01360 -0.00370 0.27405 0.02077 0.96148
36884.572438 7.38058 0.08349 24.09991 -0.00384 0.27511 0.02003 0.96120
36884.582499 7.42180 0.08922 24.14565 -0.00322 0.27596 0.02148 0.96092
36884.592652 7.49918 0.09884 24.25290 -0.00353 0.27732 0.02009 0.96056
36884.602335 7.52779 0.09035 24.28947 -0.00364 0.27834 0.01979 0.96027
36884.612400 7.56421 0.07977 24.34651 -0.00345 0.27925 0.01964 0.96001
36884.622466 7.61525 0.08563 24.42666 -0.00296 0.28034 0.02035 0.95968
36884.632529 7.67828 0.08731 24.51627 -0.00316 0.28164 0.01941 0.95932
36884.642596 7.74527 0.10558 24.61010 -0.00269 0.28223 0.01987 0.95914
36884.662652 7.86161 0.08566 24.75404 -0.00268 0.28414 0.02051 0.95856
36884.672218 7.89929 0.09452 24.80460 -0.00250 0.28481 0.02041 0.95836
36884.682164 7.95292 0.10404 24.89413 -0.00205 0.28610 0.02068 0.95797
36884.692642 8.00701 0.08940 24.96728 -0.00267 0.28711 0.01925 0.95770
36884.702216 8.06317 0.09113 25.04752 -0.00214 0.28811 0.02038 0.95738
36884.712659 8.13067 0.11463 25.14563 -0.00221 0.28927 0.02037 0.95703
36884.722642 8.18718 0.10122 25.20356 -0.00234 0.29031 0.01973 0.95673
36884.732209 8.22892 0.11110 25.27604 -0.00232 0.29107 0.01971 0.95650
36884.742199 8.28475 0.10931 25.36598 -0.00232 0.29232 0.01965 0.95612
36884.752371 8.34800 0.09843 25.41014 -0.00222 0.29272 0.02074 0.95597
36884.762434 8.40762 0.09692 25.49522 -0.00243 0.29409 0.02037 0.95556
36884.772498 8.45994 0.11373 25.57993 -0.00171 0.29489 0.02224 0.95527
36884.782563 8.51068 0.11470 25.66710 -0.00216 0.29593 0.02089 0.95498
36884.792629 8.56100 0.11530 25.73510 -0.00248 0.29712 0.02074 0.95461
36884.802189 8.61685 0.09116 25.78415 -0.00251 0.29774 0.02019 0.95443
36884.812364 8.66893 0.09774 25.83237 -0.00257 0.29880 0.02042 0.95410
36884.822430 8.73018 0.11699 25.90575 -0.00214 0.29929 0.02246 0.95390
36884.832507 8.77799 0.12511 26.01437 -0.00182 0.30076 0.02208 0.95344
36884.842576 8.84774 0.11239 26.10138 -0.00233 0.30175 0.02162 0.95314
36884.852641 8.92522 0.09452 26.15340 -0.00263 0.30226 0.02133 0.95298
36884.862215 8.97797 0.11261 26.21074 -0.00244 0.30319 0.02141 0.95269
36884.872390 9.05559 0.11399 26.32497 -0.00224 0.30409 0.01989 0.95243
36884.882456 9.12110 0.12081 26.44143 -0.00269 0.30570 0.02061 0.95190
36884.892520 9.15964 0.12293 26.51871 -0.00191 0.30649 0.02140 0.95163
36884.902583 9.21702 0.13400 26.64277 -0.00236 0.30773 0.02088 0.95124
36884.912648 9.27602 0.13710 26.65875 -0.00208 0.30808 0.02222 0.95110
36884.922216 9.33736 0.12339 26.73353 -0.00216 0.30922 0.02165 0.95074
36884.932372 9.39467 0.11939 26.81631 -0.00219 0.31003 0.02145 0.95048
36884.942438 9.44767 0.11977 26.87054 -0.00187 0.31075 0.02152 0.95025
36884.952505 9.53148 0.13533 26.93534 -0.00240 0.31130 0.02098 0.95008
36884.962571 9.55780 0.11908 26.97688 -0.00193 0.31241 0.02207 0.94969
36884.972637 9.62037 0.12411 27.06627 -0.00195 0.31338 0.02160 0.94938
36884.982200 9.70524 0.15649 27.24586 -0.00172 0.31489 0.02067 0.94890
36884.992333 9.75606 0.15399 27.32134 -0.00163 0.31578 0.02200 0.94857
36885.002425 9.84727 0.14357 27.36355 -0.00133 0.31643 0.02210 0.94836
36885.012492 9.88042 0.14163 27.42191 -0.00126 0.31727 0.02286 0.94806
36885.022557 9.94093 0.14180 27.50296 -0.00179 0.31853 0.02158 0.94767
36885.032166 10.01840 0.13486 27.56998 -0.00142 0.31913 0.02120 0.94747
36885.042397 10.09796 0.13953 27.66958 -0.00066 0.31999 0.02303 0.94714
36885.052462 10.14712 0.15205 27.72830 -0.00051 0.32083 0.02313 0.94685
36885.072333 10.23166 0.14676 27.87942 -0.00052 0.32308 0.02315 0.94609
36885.082651 10.32347 0.15751 27.97533 -0.00032 0.32383 0.02222 0.94585
36885.092223 10.43125 0.16832 28.06519 0.00013 0.32433 0.02303 0.94567
36885.102421 10.47596 0.16849 28.15213 0.00032 0.32527 0.02306 0.94534
36885.112630 10.49741 0.15981 28.19287 0.00043 0.32637 0.02290 0.94496
36885.122190 10.58032 0.17106 28.26419 0.00060 0.32687 0.02410 0.94476
36885.132160 10.64311 0.16961 28.37092 0.00035 0.32799 0.02279 0.94441
36885.142312 10.72043 0.17774 28.44319 0.00071 0.32867 0.02334 0.94416
36885.152441 10.74429 0.18356 28.48078 0.00057 0.33000 0.02316 0.94370
36885.162637 10.85128 0.17968 28.59482 0.00064 0.33045 0.02329 0.94354
36885.172209 10.90949 0.17191 28.66690 0.00138 0.33139 0.02429 0.94318
36885.182643 10.96310 0.16599 28.70428 0.00099 0.33212 0.02434 0.94292
36885.192212 11.03466 0.16206 28.81110 0.00102 0.33321 0.02316 0.94257
36885.202612 11.09931 0.17703 28.87581 0.00096 0.33381 0.02315 0.94236
36885.212175 11.17277 0.17501 28.94659 0.00149 0.33438 0.02441 0.94212
36885.222258 11.25498 0.18347 29.01994 0.00182 0.33491 0.02448 0.94193
36885.232191 11.35201 0.19413 29.14624 0.00147 0.33582 0.02416 0.94161
36885.242397 11.37644 0.19500 29.21562 0.00117 0.33649 0.02389 0.94138
36885.252640 11.43112 0.19434 29.27605 0.00156 0.33759 0.02512 0.94096
36885.262214 11.51003 0.19726 29.34646 0.00147 0.33846 0.02450 0.94066
36885.272636 11.62186 0.19903 29.47699 0.00182 0.33884 0.02515 0.94051
36885.282198 11.64615 0.20998 29.50225 0.00167 0.33996 0.02453 0.94012
36885.292188 11.70856 0.20844 29.60600 0.00220 0.34077 0.02571 0.93979
36885.302264 11.77113 0.21395 29.65072 0.00169 0.34118 0.02513 0.93966
36885.312198 11.82780 0.19350 29.72008 0.00179 0.34202 0.02517 0.93935
36885.322628 11.90292 0.20342 29.79904 0.00118 0.34246 0.02549 0.93918
36885.332191 11.98080 0.20027 29.87837 0.00095 0.34336 0.02546 0.93886
36885.342637 12.02570 0.19400 29.93288 0.00080 0.34408 0.02541 0.93860
36885.352238 12.10333 0.19171 30.01346 0.00099 0.34482 0.02545 0.93832
36885.362655 12.20241 0.20700 30.13162 0.00096 0.34534 0.02608 0.93811
36885.372225 12.23807 0.21844 30.20093 0.00085 0.34616 0.02616 0.93781
36885.382318 12.32604 0.19915 30.26258 0.00053 0.34660 0.02603 0.93765
36885.392447 12.39970 0.19370 30.33135 0.00027 0.34735 0.02605 0.93737
36885.402219 12.43663 0.21710 30.42448 0.00013 0.34817 0.02532 0.93709
36885.412190 12.51973 0.21657 30.50985 0.00035 0.34865 0.02665 0.93687
36885.422287 12.60833 0.21126 30.60233 -0.00025 0.34913 0.02688 0.93669
36885.432171 12.66932 0.20923 30.66944 -0.00070 0.35005 0.02706 0.93634
36885.442328 12.77693 0.24418 30.80336 0.00020 0.35083 0.02767 0.93603
36885.452184 12.80300 0.22793 30.82604 -0.00040 0.35149 0.02692 0.93580
36885.462323 12.85947 0.21862 30.86327 -0.00063 0.35173 0.02728 0.93571
36885.472457 12.96984 0.21322 30.98894 -0.00120 0.35220 0.02636 0.93555
36885.482174 13.04871 0.23565 31.08640 -0.00113 0.35278 0.02730 0.93531
36885.492312 13.09250 0.22428 31.11263 -0.00106 0.35356 0.02713 0.93502
36885.502178 13.15219 0.22576 31.18030 -0.00138 0.35415 0.02629 0.93482
36885.512166 13.23304 0.20738 31.25607 -0.00223 0.35442 0.02655 0.93471
36885.522232 13.29057 0.21815 31.33971 -0.00177 0.35523 0.02750 0.93437
36885.532634 13.37422 0.22066 31.41788 -0.00217 0.35594 0.02768 0.93410
36885.542196 13.44192 0.23636 31.51406 -0.00163 0.35640 0.02692 0.93394
36885.552617 13.48566 0.22500 31.54397 -0.00213 0.35665 0.02700 0.93384
36885.562177 13.58724 0.23034 31.64660 -0.00221 0.35694 0.02697 0.93373
36885.572161 13.63817 0.22665 31.68796 -0.00227 0.35753 0.02753 0.93349
36885.582243 13.71989 0.22984 31.77553 -0.00283 0.35830 0.02646 0.93323
36885.592637 13.78476 0.23330 31.84393 -0.00204 0.35839 0.02798 0.93315
36885.602200 13.85943 0.23358 31.92614 -0.00292 0.35889 0.02721 0.93298
36885.612611 13.96275 0.23375 32.03810 -0.00328 0.35931 0.02673 0.93283
36885.622171 14.01323 0.23103 32.11254 -0.00269 0.36003 0.02721 0.93254
36885.632642 14.07257 0.23170 32.16427 -0.00386 0.36026 0.02667 0.93246
36885.642236 14.17933 0.23660 32.26640 -0.00389 0.36057 0.02639 0.93235
36885.652623 14.24841 0.24440 32.33222 -0.00357 0.36116 0.02693 0.93211
36885.662183 14.31121 0.24129 32.37991 -0.00359 0.36137 0.02708 0.93202
36885.672609 14.36327 0.24438 32.48367 -0.00368 0.36218 0.02780 0.93169
36885.682172 14.44655 0.24258 32.55977 -0.00383 0.36254 0.02774 0.93155
36885.692646 14.51391 0.24549 32.62760 -0.00372 0.36272 0.02693 0.93150
36885.702232 14.55560 0.24951 32.67484 -0.00400 0.36333 0.02584 0.93129
36885.712629 14.67534 0.24049 32.77165 -0.00453 0.36365 0.02616 0.93116
36885.722191 14.75027 0.25605 32.85754 -0.00395 0.36365 0.02681 0.93114
36885.732168 14.81349 0.25425 32.91058 -0.00415 0.36429 0.02724 0.93088
36885.742171 14.89098 0.25429 32.96863 -0.00384 0.36443 0.02771 0.93081
36885.752244 14.95064 0.25173 33.04751 -0.00482 0.36504 0.02723 0.93058
36885.762643 15.01428 0.24801 33.12258 -0.00484 0.36502 0.02612 0.93062
36885.772211 15.08666 0.25429 33.19364 -0.00406 0.36584 0.02709 0.93027
36885.782190 15.16634 0.25499 33.26197 -0.00453 0.36593 0.02672 0.93025
36885.792156 15.24599 0.25511 33.34365 -0.00393 0.36628 0.02683 0.93011
36885.802231 15.31053 0.25004 33.42483 -0.00439 0.36672 0.02643 0.92995
36885.812614 15.35816 0.25986 33.47924 -0.00405 0.36717 0.02703 0.92975
36885.822179 15.44430 0.25985 33.56722 -0.00418 0.36749 0.02660 0.92964
36885.832635 15.51313 0.25397 33.64268 -0.00437 0.36763 0.02644 0.92959
36885.842203 15.57856 0.26525 33.70949 -0.00417 0.36797 0.02603 0.92947
36885.852634 15.65428 0.26257 33.77061 -0.00481 0.36807 0.02656 0.92941
36885.862195 15.73395 0.27172 33.85973 -0.00436 0.36854 0.02652 0.92922
36885.872282 15.79677 0.27235 33.92587 -0.00404 0.36894 0.02685 0.92906
36885.882172 15.87506 0.27661 34.00267 -0.00423 0.36948 0.02587 0.92887
36885.892636 15.95946 0.27549 34.10084 -0.00377 0.36946 0.02664 0.92886
36885.902230 16.00098 0.28513 34.14835 -0.00411 0.36968 0.02627 0.92878
36885.912623 16.06205 0.27150 34.21763 -0.00381 0.37019 0.02590 0.92859
36885.922187 16.15453 0.29176 34.28652 -0.00397 0.37013 0.02484 0.92864
36885.932622 16.22138 0.27826 34.35695 -0.00333 0.37037 0.02652 0.92850
36885.942184 16.29496 0.28720 34.45535 -0.00396 0.37121 0.02604 0.92818
36885.952631 16.33388 0.28074 34.48418 -0.00373 0.37089 0.02653 0.92829
36885.962194 16.43960 0.27429 34.58076 -0.00369 0.37109 0.02550 0.92824
36885.972633 16.51052 0.29323 34.67572 -0.00357 0.37148 0.02650 0.92806
36885.982196 16.58120 0.29540 34.74921 -0.00324 0.37159 0.02671 0.92801
36885.992400 16.65718 0.28183 34.81365 -0.00377 0.37201 0.02649 0.92784
36886.002631 16.72443 0.28314 34.88354 -0.00369 0.37192 0.02615 0.92789
36886.012193 16.79334 0.28639 34.95273 -0.00349 0.37233 0.02623 0.92772
36886.022660 16.87489 0.27847 35.02379 -0.00285 0.37233 0.02682 0.92771
36886.032304 16.95190 0.28703 35.11547 -0.00275 0.37289 0.02737 0.92747
36886.042171 17.01628 0.28248 35.18046 -0.00352 0.37297 0.02699 0.92745
36886.052338 17.09176 0.29520 35.25218 -0.00305 0.37341 0.02769 0.92725
36886.062441 17.16060 0.29211 35.31675 -0.00315 0.37320 0.02778 0.92733
36886.072212 17.23401 0.28498 35.39225 -0.00328 0.37310 0.02763 0.92737
36886.082389 17.28670 0.28958 35.46050 -0.00236 0.37358 0.02837 0.92716
36886.092238 17.35026 0.29118 35.54571 -0.00320 0.37406 0.02677 0.92701
36886.102166 17.44510 0.29316 35.62408 -0.00330 0.37432 0.02703 0.92690
36886.112247 17.51528 0.30369 35.69699 -0.00282 0.37436 0.02676 0.92689
36886.122433 17.59141 0.28354 35.77443 -0.00296 0.37435 0.02745 0.92688
36886.132495 17.65588 0.29458 35.82641 -0.00299 0.37457 0.02853 0.92675
36886.142196 17.71621 0.29983 35.89863 -0.00279 0.37483 0.02790 0.92667
36886.152636 17.78949 0.28899 35.95558 -0.00242 0.37518 0.02848 0.92651
36886.162197 17.89025 0.30016 36.04807 -0.00252 0.37488 0.02846 0.92663
36886.172339 17.94698 0.29553 36.12590 -0.00293 0.37530 0.02746 0.92649
36886.182474 18.04813 0.30037 36.23583 -0.00220 0.37550 0.02832 0.92639
36886.192539 18.13759 0.30431 36.32047 -0.00262 0.37572 0.02789 0.92631
36886.202608 18.17578 0.30017 36.32975 -0.00183 0.37569 0.02851 0.92630
36886.212178 18.25724 0.30972 36.39462 -0.00233 0.37588 0.02954 0.92619
36886.222394 18.34251 0.30710 36.47769 -0.00236 0.37597 0.02810 0.92620
36886.232459 18.41068 0.31209 36.58032 -0.00172 0.37621 0.02990 0.92605
36886.242523 18.48817 0.31041 36.65524 -0.00184 0.37669 0.02866 0.92589
36886.252589 18.57328 0.31200 36.72935 -0.00137 0.37658 0.03033 0.92589
36886.262291 18.65317 0.32419 36.80966 -0.00124 0.37666 0.02996 0.92587
36886.272176 18.71356 0.32766 36.88158 -0.00102 0.37740 0.03003 0.92556
36886.282338 18.79527 0.32104 36.95698 -0.00100 0.37727 0.02994 0.92562
36886.292439 18.87893 0.30913 37.02761 -0.00134 0.37745 0.03025 0.92553
36886.302221 18.93593 0.31713 37.09227 -0.00063 0.37748 0.03070 0.92551
36886.312171 18.99325 0.33160 37.15965 0.00002 0.37781 0.02992 0.92540
36886.322320 19.08890 0.33275 37.24575 0.00006 0.37805 0.03085 0.92527
36886.332650 19.18270 0.33730 37.33842 0.00008 0.37843 0.03106 0.92511
36886.342217 19.26251 0.33825 37.41166 -0.00015 0.37829 0.03076 0.92517
36886.352612 19.32149 0.32017 37.45980 0.00028 0.37846 0.03144 0.92508
36886.362171 19.39625 0.33049 37.53648 -0.00016 0.37879 0.03049 0.92498
36886.372172 19.45976 0.32763 37.61270 0.00065 0.37927 0.03133 0.92476
36886.382249 19.52419 0.32267 37.66671 0.00033 0.37947 0.03025 0.92471
36886.392613 19.61551 0.33875 37.76140 0.00022 0.37988 0.03088 0.92452
36886.402175 19.69498 0.32908 37.83630 0.00043 0.38002 0.03096 0.92446
36886.412267 19.76474 0.32660 37.89025 0.00073 0.38014 0.03147 0.92439
36886.422638 19.84830 0.33798 37.96518 0.00073 0.38053 0.03063 0.92426
36886.432199 19.90741 0.32783 38.04589 0.00111 0.38079 0.03059 0.92416
36886.442613 19.98251 0.32382 38.12090 0.00075 0.38105 0.03004 0.92407
36886.452174 20.06689 0.33525 38.18219 0.00119 0.38107 0.03139 0.92401
36886.462249 20.16763 0.34468 38.28714 0.00132 0.38137 0.03070 0.92391
36886.472634 20.21615 0.33160 38.35211 0.00117 0.38156 0.03142 0.92381
36886.482197 20.31057 0.31601 38.42977 0.00120 0.38199 0.03149 0.92363
36886.492290 20.40201 0.32922 38.50701 0.00122 0.38203 0.03170 0.92360
36886.502164 20.47997 0.34667 38.56543 0.00176 0.38199 0.03177 0.92362
36886.512238 20.56802 0.34144 38.65139 0.00201 0.38248 0.03249 0.92339
36886.522630 20.63237 0.34540 38.71673 0.00165 0.38259 0.03193 0.92337
36886.532190 20.71684 0.34245 38.81215 0.00196 0.38279 0.03210 0.92327
36886.542163 20.78946 0.34451 38.88630 0.00236 0.38326 0.03243 0.92307
36886.552235 20.87214 0.35171 38.93166 0.00177 0.38302 0.03284 0.92315
36886.562613 20.95055 0.34041 38.99477 0.00181 0.38317 0.03319 0.92308
36886.572175 21.03054 0.35694 39.09354 0.00198 0.38350 0.03326 0.92294
36886.582638 21.09764 0.36031 39.17270 0.00239 0.38411 0.03318 0.92269
36886.592200 21.18330 0.36869 39.26368 0.00204 0.38433 0.03267 0.92261
36886.602199 21.26681 0.36567 39.31921 0.00224 0.38424 0.03389 0.92261
36886.612628 21.34945 0.36166 39.39215 0.00200 0.38455 0.03349 0.92249
36886.622191 21.45098 0.36372 39.48431 0.00162 0.38438 0.03355 0.92256
36886.632184 21.53309 0.36678 39.55478 0.00142 0.38466 0.03374 0.92244
36886.642198 21.58985 0.37632 39.62537 0.00179 0.38511 0.03333 0.92227
36886.652603 21.66158 0.38260 39.68329 0.00239 0.38532 0.03367 0.92216
36886.662233 21.70143 0.36667 39.70329 0.00218 0.38558 0.03380 0.92205
36886.672309 21.71510 0.36633 39.68654 0.00144 0.38542 0.03336 0.92214
36886.682255 21.70974 0.37123 39.74957 0.00207 0.38541 0.03492 0.92208
36886.692217 21.71761 0.37754 39.78081 0.00164 0.38645 0.03352 0.92170
36886.702644 21.90357 0.35965 39.98411 0.00165 0.38777 0.03442 0.92111
36886.712260 22.11434 0.37326 40.15106 0.00166 0.38764 0.03373 0.92119
36886.722620 22.20173 0.39673 40.19468 0.00219 0.38760 0.03398 0.92120
36886.732182 22.28716 0.39054 40.26342 0.00193 0.38768 0.03378 0.92117
36886.742255 22.35195 0.40568 40.34546 0.00179 0.38801 0.03322 0.92105
36886.752324 22.41315 0.39205 40.43023 0.00181 0.38837 0.03352 0.92089
36886.762648 22.49584 0.39762 40.51647 0.00171 0.38882 0.03413 0.92068
36886.772219 22.54869 0.38974 40.58990 0.00183 0.38948 0.03417 0.92040
36886.782281 22.58922 0.39214 40.62941 0.00179 0.38951 0.03462 0.92037
36886.792169 22.73747 0.39747 40.75541 0.00136 0.38988 0.03373 0.92025
36886.802322 22.82179 0.40293 40.81363 0.00192 0.38973 0.03443 0.92028
36886.812196 22.91063 0.40440 40.88708 0.00155 0.38998 0.03475 0.92017
36886.822287 22.97248 0.40320 40.94148 0.00180 0.39002 0.03456 0.92016
36886.832161 23.07675 0.41139 41.03484 0.00233 0.39034 0.03499 0.92000
36886.842629 23.17057 0.40904 41.13066 0.00217 0.39069 0.03476 0.91986
36886.852292 23.22172 0.41458 41.19051 0.00162 0.39099 0.03459 0.91974
36886.862366 23.29752 0.42443 41.26152 0.00145 0.39132 0.03417 0.91962
36886.872198 23.38702 0.41339 41.35071 0.00104 0.39164 0.03395 0.91949
36886.882621 23.46389 0.42557 41.41577 0.00151 0.39196 0.03478 0.91932
36886.892181 23.54419 0.42565 41.47508 0.00137 0.39221 0.03487 0.91922
36886.902269 23.61081 0.43471 41.55880 0.00135 0.39269 0.03493 0.91900
36886.912346 23.69121 0.44252 41.62515 0.00145 0.39260 0.03502 0.91904
36886.922252 23.77009 0.43818 41.70227 0.00116 0.39288 0.03530 0.91891
36886.932616 23.85094 0.44031 41.77116 0.00125 0.39330 0.03461 0.91876
36886.942178 23.91024 0.42850 41.84095 0.00128 0.39374 0.03529 0.91854
36886.952250 24.00992 0.44405 41.92133 0.00118 0.39382 0.03553 0.91850
36886.972329 24.15723 0.45772 42.06620 0.00105 0.39427 0.03498 0.91833
36886.982217 24.27149 0.47357 42.13887 0.00136 0.39422 0.03650 0.91829
36886.992322 24.38493 0.45365 42.24503 0.00109 0.39484 0.03535 0.91807
36887.002648 24.41817 0.45712 42.27493 0.00061 0.39476 0.03521 0.91811
36887.012227 24.46290 0.45653 42.35415 0.00024 0.39551 0.03540 0.91778
36887.022613 24.56592 0.47140 42.45076 0.00035 0.39569 0.03557 0.91769
36887.032224 24.65213 0.46106 42.50507 0.00036 0.39606 0.03569 0.91753
36887.042328 24.71216 0.45721 42.55746 -0.00000 0.39590 0.03527 0.91762
36887.052194 24.78102 0.46586 42.65058 0.00021 0.39655 0.03541 0.91733
36887.062640 24.87610 0.47760 42.74434 -0.00021 0.39704 0.03535 0.91712
36887.072200 24.95825 0.47715 42.80919 -0.00022 0.39705 0.03572 0.91710
36887.082617 25.03901 0.47958 42.88490 -0.00022 0.39727 0.03611 0.91699
36887.092219 25.10168 0.48192 42.96312 0.00007 0.39779 0.03624 0.91676
36887.102310 25.17310 0.48121 43.01397 -0.00050 0.39785 0.03627 0.91673
36887.112196 25.26787 0.48153 43.09710 -0.00014 0.39836 0.03684 0.91649
36887.122181 25.37252 0.49568 43.19716 -0.00016 0.39866 0.03704 0.91635
36887.142224 25.51225 0.50618 43.33009 -0.00032 0.39910 0.03667 0.91617
36887.152330 25.57042 0.49692 43.40115 -0.00049 0.39922 0.03699 0.91611
36887.162250 25.64807 0.49594 43.46956 -0.00106 0.39965 0.03631 0.91595
36887.172632 25.76615 0.51834 43.55673 -0.00060 0.39976 0.03684 0.91588
36887.182194 25.81765 0.50947 43.60736 -0.00107 0.40012 0.03702 0.91571
36887.192624 25.94648 0.50976 43.72699 -0.00102 0.40038 0.03748 0.91558
36887.202306 26.01350 0.51312 43.80005 -0.00117 0.40060 0.03688 0.91551
36887.212247 26.06115 0.51600 43.81995 -0.00177 0.40088 0.03663 0.91539
36887.222626 26.15849 0.51223 43.91072 -0.00166 0.40108 0.03653 0.91531
36887.232193 26.24203 0.52908 44.00796 -0.00178 0.40153 0.03756 0.91508
36887.242317 26.30167 0.52743 44.11937 -0.00152 0.40209 0.03782 0.91482
36887.252266 26.37925 0.52962 44.14868 -0.00222 0.40216 0.03742 0.91480
36887.262163 26.49373 0.53921 44.20441 -0.00275 0.40188 0.03666 0.91496
36887.272242 26.56012 0.53867 44.28846 -0.00229 0.40246 0.03798 0.91465
36887.282157 26.62727 0.53789 44.35642 -0.00276 0.40276 0.03841 0.91450
36887.292228 26.73224 0.54466 44.46884 -0.00256 0.40308 0.03818 0.91437
36887.302617 26.82068 0.54446 44.50941 -0.00331 0.40305 0.03833 0.91437
36887.312178 26.87666 0.55587 44.56951 -0.00314 0.40328 0.03845 0.91427
36887.322316 26.99234 0.55701 44.66857 -0.00352 0.40360 0.03835 0.91412
36887.332257 27.05648 0.55389 44.72636 -0.00371 0.40384 0.03868 0.91400
36887.342161 27.16082 0.56271 44.82066 -0.00367 0.40432 0.03829 0.91381
36887.352231 27.22943 0.58756 44.88575 -0.00430 0.40433 0.03774 0.91382
36887.362215 27.33507 0.58016 44.98644 -0.00400 0.40464 0.03933 0.91362
36887.372369 27.41719 0.57641 45.05065 -0.00444 0.40486 0.03862 0.91355
36887.382304 27.45297 0.58995 45.09612 -0.00403 0.40494 0.03874 0.91351
36887.392195 27.56347 0.57890 45.19059 -0.00427 0.40540 0.03871 0.91331
36887.402293 27.64847 0.58704 45.26682 -0.00458 0.40543 0.03901 0.91328
36887.412249 27.71564 0.58661 45.34325 -0.00461 0.40557 0.03920 0.91321
36887.422620 27.79732 0.59241 45.40893 -0.00465 0.40590 0.03888 0.91308
36887.432180 27.89002 0.60523 45.48745 -0.00488 0.40644 0.03876 0.91284
36887.442321 27.94731 0.59405 45.54039 -0.00512 0.40648 0.03898 0.91281
36887.452271 28.04304 0.58440 45.62496 -0.00521 0.40671 0.03935 0.91270
36887.462636 28.14179 0.61137 45.70530 -0.00495 0.40715 0.03996 0.91247
36887.472220 28.20680 0.59859 45.76185 -0.00480 0.40702 0.04017 0.91252
36887.482192 28.32836 0.63436 45.87978 -0.00462 0.40747 0.04005 0.91233
36887.492620 28.36294 0.62681 45.93023 -0.00494 0.40796 0.03998 0.91211
36887.502184 28.48969 0.63082 46.00917 -0.00491 0.40770 0.04038 0.91221
36887.512321 28.55203 0.60836 46.08492 -0.00472 0.40812 0.04116 0.91199
36887.522243 28.61257 0.61789 46.14926 -0.00482 0.40856 0.04137 0.91178
36887.532163 28.68617 0.63336 46.20988 -0.00518 0.40865 0.04042 0.91178
36887.542639 28.79050 0.62308 46.29573 -0.00544 0.40876 0.04109 0.91170
36887.552208 28.86228 0.60505 46.37135 -0.00582 0.40895 0.04122 0.91161
36887.562303 28.94487 0.60157 46.45777 -0.00522 0.40948 0.04254 0.91131
36887.572222 29.04292 0.62663 46.51519 -0.00468 0.40917 0.04205 0.91148
36887.582176 29.15235 0.64738 46.59659 -0.00471 0.40953 0.04217 0.91131
36887.592654 29.23421 0.64843 46.67911 -0.00474 0.40945 0.04159 0.91137
36887.602224 29.28711 0.62804 46.73862 -0.00531 0.41000 0.04164 0.91112
36887.612342 29.36448 0.61071 46.80226 -0.00493 0.41008 0.04438 0.91096
36887.622303 29.42324 0.61755 46.85166 -0.00539 0.41023 0.04331 0.91094
36887.632617 29.52294 0.62023 46.94433 -0.00519 0.41054 0.04375 0.91078
36887.642173 29.59998 0.63842 47.02214 -0.00501 0.41071 0.04382 0.91070
36887.652325 29.69689 0.63436 47.10529 -0.00497 0.41087 0.04378 0.91063
36887.662455 29.77524 0.63916 47.18895 -0.00416 0.41135 0.04334 0.91044
36887.672266 29.87200 0.65923 47.26891 -0.00487 0.41163 0.04378 0.91028
36887.682192 29.90979 0.63377 47.31646 -0.00466 0.41169 0.04414 0.91024
36887.692308 30.02723 0.64556 47.40127 -0.00398 0.41200 0.04471 0.91008
36887.702209 30.09332 0.63463 47.46445 -0.00399 0.41208 0.04516 0.91002
36887.712232 30.20120 0.64194 47.55138 -0.00413 0.41213 0.04538 0.90998
36887.722294 30.27744 0.66856 47.62016 -0.00388 0.41245 0.04422 0.90990
36887.732249 30.35948 0.66649 47.69935 -0.00396 0.41259 0.04442 0.90982
36887.742635 30.45616 0.66172 47.77355 -0.00399 0.41270 0.04501 0.90974
36887.752196 30.52358 0.65421 47.82724 -0.00403 0.41256 0.04563 0.90978
36887.762177 30.60738 0.66697 47.90277 -0.00393 0.41288 0.04533 0.90965
36887.772247 30.69781 0.66528 47.98456 -0.00394 0.41301 0.04615 0.90955
36887.782317 30.79284 0.70087 48.07814 -0.00357 0.41318 0.04568 0.90950
36887.792645 30.87569 0.67304 48.14232 -0.00422 0.41331 0.04590 0.90942
36887.802217 30.96479 0.68695 48.20118 -0.00420 0.41335 0.04583 0.90941
36887.812424 31.04364 0.68920 48.27722 -0.00410 0.41356 0.04640 0.90928
36887.822255 31.08644 0.68639 48.34828 -0.00427 0.41404 0.04577 0.90910
36887.832648 31.18862 0.67543 48.41567 -0.00452 0.41392 0.04646 0.90912
36887.842230 31.24003 0.67877 48.47339 -0.00446 0.41436 0.04659 0.90891
36887.852424 31.35904 0.70930 48.55209 -0.00399 0.41395 0.04607 0.90912
36887.862251 31.45166 0.70222 48.62997 -0.00451 0.41396 0.04679 0.90908
36887.872183 31.52260 0.69626 48.70848 -0.00480 0.41444 0.04664 0.90887
36887.882303 31.63072 0.70452 48.77729 -0.00489 0.41429 0.04680 0.90893
36887.892438 31.74643 0.72419 48.86544 -0.00489 0.41423 0.04706 0.90894
36887.902503 31.81354 0.71815 48.93052 -0.00451 0.41449 0.04780 0.90879
36887.912609 31.89962 0.73403 49.01989 -0.00488 0.41477 0.04758 0.90867
36887.922171 31.96092 0.72633 49.08064 -0.00538 0.41509 0.04710 0.90855
36887.932244 32.05337 0.71997 49.15269 -0.00537 0.41492 0.04693 0.90863
36887.942275 32.11373 0.72691 49.22163 -0.00521 0.41516 0.04705 0.90852
36887.952639 32.21590 0.73516 49.30072 -0.00541 0.41538 0.04737 0.90840
36887.962209 32.31679 0.73245 49.37459 -0.00530 0.41514 0.04837 0.90846
36887.972418 32.40661 0.72492 49.44566 -0.00574 0.41503 0.04788 0.90853
36887.982281 32.45907 0.73262 49.51355 -0.00602 0.41541 0.04772 0.90836
36887.992248 32.56591 0.75319 49.60609 -0.00628 0.41576 0.04669 0.90825
36888.002190 32.62032 0.74498 49.65188 -0.00709 0.41561 0.04696 0.90830
36888.012647 32.71921 0.75170 49.73215 -0.00585 0.41564 0.04821 0.90823
36888.022217 32.80969 0.77660 49.83350 -0.00600 0.41574 0.04775 0.90821
36888.032404 32.89353 0.77240 49.89595 -0.00623 0.41566 0.04752 0.90826
36888.042243 32.97072 0.76462 49.95670 -0.00653 0.41582 0.04783 0.90817
36888.052325 33.06052 0.75742 50.03236 -0.00651 0.41578 0.04806 0.90817
36888.062196 33.13078 0.77022 50.11387 -0.00586 0.41602 0.04799 0.90807
36888.072216 33.21296 0.76848 50.17073 -0.00585 0.41601 0.04780 0.90809
36888.082211 33.30094 0.78575 50.24535 -0.00657 0.41603 0.04666 0.90813
36888.092341 33.39613 0.78337 50.32263 -0.00644 0.41625 0.04738 0.90799
36888.102263 33.48049 0.79778 50.39252 -0.00623 0.41616 0.04832 0.90798
36888.112181 33.54795 0.78992 50.46650 -0.00629 0.41629 0.04815 0.90794
36888.122312 33.62135 0.80094 50.53404 -0.00644 0.41645 0.04765 0.90788
36888.132440 33.71126 0.82023 50.61515 -0.00625 0.41640 0.04743 0.90792
36888.142285 33.81483 0.80847 50.69307 -0.00582 0.41632 0.04829 0.90791
36888.152177 33.89990 0.81198 50.77078 -0.00576 0.41643 0.04745 0.90791
36888.162632 33.95226 0.80571 50.82231 -0.00605 0.41652 0.04799 0.90784
36888.182196 34.12253 0.82538 50.96952 -0.00642 0.41666 0.04721 0.90781
36888.192309 34.23540 0.82939 51.07260 -0.00622 0.41690 0.04763 0.90768
36888.202643 34.30411 0.82807 51.12892 -0.00580 0.41660 0.04844 0.90778
36888.212216 34.38481 0.81418 51.18786 -0.00625 0.41664 0.04831 0.90776
36888.222237 34.49063 0.82031 51.26797 -0.00657 0.41661 0.04847 0.90777
36888.232427 34.57059 0.82337 51.36051 -0.00642 0.41692 0.04812 0.90765
36888.242273 34.67474 0.84093 51.43823 -0.00611 0.41710 0.04812 0.90756
36888.252196 34.76793 0.84554 51.51864 -0.00622 0.41708 0.04823 0.90757
36888.262331 34.81948 0.85203 51.58546 -0.00634 0.41721 0.04781 0.90753
36888.272198 34.90850 0.85003 51.63750 -0.00653 0.41713 0.04787 0.90756
36888.282621 34.98640 0.86243 51.72125 -0.00591 0.41715 0.04796 0.90755
36888.292182 35.06766 0.85386 51.80782 -0.00643 0.41730 0.04756 0.90750
36888.302475 35.17630 0.86317 51.86222 -0.00683 0.41715 0.04893 0.90750
36888.312258 35.26218 0.87997 51.96105 -0.00667 0.41728 0.04889 0.90744
36888.322162 35.36770 0.89360 52.02895 -0.00639 0.41726 0.04795 0.90750
36888.332229 35.44329 0.87615 52.10818 -0.00669 0.41737 0.04813 0.90744
36888.342196 35.50339 0.87460 52.16430 -0.00688 0.41753 0.04852 0.90734
36888.352322 35.60288 0.87599 52.23958 -0.00708 0.41746 0.04851 0.90737
36888.362474 35.67758 0.86078 52.31365 -0.00759 0.41745 0.04871 0.90736
36888.372190 35.76880 0.88840 52.39286 -0.00725 0.41758 0.04780 0.90735
36888.382633 35.92163 0.92891 52.52629 -0.00672 0.41773 0.04687 0.90734
36888.392194 35.94525 0.91615 52.54372 -0.00697 0.41728 0.04805 0.90748
36888.402655 36.01630 0.89539 52.60105 -0.00663 0.41765 0.04892 0.90726
36888.412222 36.08341 0.89739 52.68937 -0.00692 0.41787 0.04813 0.90720
36888.422275 36.17494 0.90073 52.74425 -0.00658 0.41778 0.04886 0.90721
36888.432643 36.28407 0.89880 52.83703 -0.00706 0.41745 0.04846 0.90738
36888.442210 36.33772 0.89000 52.88106 -0.00626 0.41756 0.04858 0.90733
36888.452473 36.43036 0.89733 52.96262 -0.00684 0.41745 0.04966 0.90731
36888.462244 36.49872 0.90886 53.03724 -0.00707 0.41771 0.04902 0.90723
36888.472630 36.56081 0.90878 53.11521 -0.00720 0.41801 0.04830 0.90713
36888.482192 36.65069 0.91398 53.17655 -0.00700 0.41814 0.04773 0.90710
36888.492236 36.75877 0.92413 53.26321 -0.00680 0.41806 0.04835 0.90711
36888.502648 36.86046 0.93945 53.36364 -0.00628 0.41797 0.04885 0.90713
36888.512215 36.92572 0.93126 53.42097 -0.00700 0.41815 0.04801 0.90708
36888.522407 37.01732 0.93218 53.50165 -0.00696 0.41828 0.04837 0.90700
36888.532647 37.11304 0.94167 53.58216 -0.00726 0.41845 0.04773 0.90696
36888.542216 37.19275 0.94691 53.64843 -0.00687 0.41853 0.04826 0.90689
36888.552418 37.27293 0.93388 53.72522 -0.00720 0.41826 0.04820 0.90702
36888.562661 37.34621 0.95581 53.78130 -0.00656 0.41836 0.04851 0.90696
36888.572308 37.41942 0.95709 53.86790 -0.00678 0.41840 0.04856 0.90694
36888.582651 37.49746 0.98477 53.93677 -0.00712 0.41884 0.04761 0.90678
36888.592315 37.62494 0.95423 54.00729 -0.00704 0.41845 0.04850 0.90692
36888.602444 37.70640 0.94698 54.07936 -0.00746 0.41865 0.04816 0.90684
36888.612196 37.78840 0.96792 54.17221 -0.00758 0.41845 0.04811 0.90694
36888.622186 37.90680 0.97372 54.26120 -0.00700 0.41870 0.04792 0.90683
36888.632639 37.97693 0.98210 54.33331 -0.00709 0.41890 0.04748 0.90676
36888.642634 38.05722 0.96994 54.39395 -0.00745 0.41853 0.04844 0.90688
36888.652198 38.15173 0.97329 54.46549 -0.00802 0.41883 0.04825 0.90675
36888.662431 38.26118 0.97025 54.55310 -0.00809 0.41885 0.04893 0.90670
36888.672497 38.33915 0.97711 54.62683 -0.00791 0.41881 0.04726 0.90681
36888.682198 38.37463 1.00383 54.68452 -0.00881 0.41911 0.04625 0.90672
36888.692649 38.49247 1.00018 54.78846 -0.00775 0.41935 0.04847 0.90650
36888.702295 38.60713 0.98611 54.85138 -0.00876 0.41885 0.04916 0.90668
36888.712430 38.68796 0.97482 54.91824 -0.00890 0.41896 0.04956 0.90660
36888.722199 38.79816 0.97809 55.01901 -0.00937 0.41903 0.04845 0.90663
36888.732156 38.87362 1.02073 55.08626 -0.00890 0.41911 0.04821 0.90661
36888.742229 38.93852 1.02710 55.14954 -0.00911 0.41945 0.04842 0.90644
36888.752194 39.03583 1.00658 55.22076 -0.00911 0.41938 0.04877 0.90645
36888.762368 39.14906 1.00157 55.31988 -0.00946 0.41944 0.04861 0.90643
36888.772634 39.21355 1.00236 55.38322 -0.00974 0.41915 0.04969 0.90651
36888.782198 39.29248 1.01543 55.45665 -0.00958 0.41987 0.04898 0.90621
36888.792430 39.39041 1.01682 55.53352 -0.00929 0.41983 0.04920 0.90622
36888.802160 39.48420 1.01674 55.60662 -0.01031 0.41959 0.04922 0.90632
36888.812229 39.54887 1.00761 55.65345 -0.01003 0.41985 0.04928 0.90620
36888.822654 39.61691 1.03332 55.73962 -0.00999 0.42028 0.04937 0.90599
36888.832222 39.70255 1.02403 55.82150 -0.01049 0.42043 0.04745 0.90602
36888.842427 39.77579 1.04197 55.87535 -0.00998 0.42020 0.04873 0.90607
36888.852191 39.85431 1.02868 55.93608 -0.01060 0.42013 0.04857 0.90610
36888.862412 39.94109 1.00664 56.02119 -0.01112 0.42039 0.04929 0.90593
36888.872217 40.06544 1.03806 56.11089 -0.01133 0.41992 0.04812 0.90621
36888.882171 40.19675 1.03542 56.19233 -0.01127 0.41983 0.04790 0.90627
36888.892327 40.27631 1.06773 56.27346 -0.01039 0.42005 0.04922 0.90611
36888.902168 40.28186 1.02754 56.33836 -0.01157 0.42093 0.05010 0.90563
36888.912329 40.31492 1.01693 56.41649 -0.01223 0.42172 0.04956 0.90529
36888.922439 40.34900 0.98823 56.48251 -0.01158 0.42199 0.05098 0.90509
36888.932169 40.44505 0.97122 56.57991 -0.01208 0.42219 0.05054 0.90502
36888.942285 40.48977 1.00998 56.65205 -0.01190 0.42243 0.05030 0.90492
36888.952166 40.60634 1.04776 56.71493 -0.01177 0.42264 0.04884 0.90490
36888.962310 40.77065 1.05051 56.78441 -0.01144 0.42166 0.04957 0.90533
36888.972483 40.92829 1.07270 56.90716 -0.01142 0.42135 0.04942 0.90548
36888.982156 41.01183 1.09241 56.97488 -0.01195 0.42153 0.04872 0.90543
36888.992338 41.03803 1.09474 57.02965 -0.01162 0.42191 0.04958 0.90521
36889.002416 41.14111 1.09649 57.11427 -0.01212 0.42215 0.04908 0.90512
36889.012479 41.21321 1.10019 57.18018 -0.01266 0.42194 0.05000 0.90515
36889.022171 41.29568 1.08034 57.23785 -0.01288 0.42213 0.04889 0.90512
36889.032303 41.37546 1.07492 57.31039 -0.01271 0.42226 0.04948 0.90503
36889.042417 41.45213 1.06840 57.39869 -0.01334 0.42257 0.04775 0.90497
36889.052481 41.49838 1.10234 57.42587 -0.01424 0.42244 0.04876 0.90497
36889.062649 41.58977 1.09139 57.52137 -0.01368 0.42273 0.05021 0.90476
36889.072216 41.67337 1.10648 57.55974 -0.01383 0.42217 0.05024 0.90502
36889.082168 41.83553 1.13288 57.71398 -0.01362 0.42260 0.04828 0.90493
36889.092634 41.92690 1.14866 57.82199 -0.01361 0.42326 0.04865 0.90460
36889.102194 42.00357 1.14283 57.88337 -0.01428 0.42294 0.04909 0.90471
36889.112184 42.06411 1.13775 57.93704 -0.01421 0.42311 0.04975 0.90460
36889.122646 42.15785 1.15333 58.01339 -0.01419 0.42322 0.05065 0.90450
36889.132616 42.27261 1.15973 58.11581 -0.01403 0.42326 0.04967 0.90454
36889.142175 42.36323 1.16194 58.18710 -0.01428 0.42329 0.04985 0.90451
36889.152291 42.42987 1.14104 58.26572 -0.01524 0.42352 0.05003 0.90438
36889.162445 42.51532 1.15122 58.31241 -0.01528 0.42333 0.05126 0.90440
36889.172510 42.61155 1.16050 58.40103 -0.01504 0.42342 0.05124 0.90436
36889.182632 42.67984 1.15799 58.45925 -0.01512 0.42360 0.05024 0.90433
36889.192194 42.75613 1.14233 58.54958 -0.01516 0.42391 0.04978 0.90421
36889.202413 42.80061 1.12780 58.60197 -0.01613 0.42408 0.05144 0.90402
36889.222305 42.96996 1.13193 58.76801 -0.01632 0.42425 0.05177 0.90392
36889.232447 43.08285 1.12759 58.83810 -0.01680 0.42426 0.05253 0.90386
36889.242633 43.19508 1.15911 58.92147 -0.01694 0.42399 0.05150 0.90404
36889.252195 43.31471 1.19856 59.00628 -0.01654 0.42386 0.05052 0.90417
36889.262420 43.39186 1.20885 59.06176 -0.01677 0.42374 0.05014 0.90424
36889.272163 43.47944 1.20724 59.14292 -0.01682 0.42370 0.05079 0.90422
36889.282327 43.57457 1.23757 59.23060 -0.01638 0.42421 0.04990 0.90404
36889.292643 43.68082 1.22969 59.29586 -0.01677 0.42365 0.04969 0.90431
36889.302209 43.78158 1.24197 59.38053 -0.01705 0.42399 0.05077 0.90408
36889.312416 43.85838 1.23937 59.45528 -0.01779 0.42442 0.04995 0.90391
36889.322481 43.92242 1.25325 59.51298 -0.01772 0.42444 0.04916 0.90395
36889.332216 44.00130 1.26408 59.59924 -0.01726 0.42444 0.04898 0.90397
36889.342415 44.09904 1.26942 59.67380 -0.01806 0.42443 0.04871 0.90397
36889.352176 44.15944 1.26024 59.73062 -0.01769 0.42468 0.05025 0.90377
36889.362317 44.24777 1.27401 59.82163 -0.01880 0.42482 0.04955 0.90373
36889.372624 44.41599 1.31834 59.94399 -0.01775 0.42444 0.04887 0.90396
36889.382183 44.48203 1.32355 60.00484 -0.01761 0.42478 0.04843 0.90383
36889.392653 44.56511 1.32463 60.05128 -0.01867 0.42452 0.04739 0.90398
36889.402303 44.62594 1.29858 60.12749 -0.01903 0.42473 0.04893 0.90379
36889.412433 44.70667 1.28892 60.20808 -0.01920 0.42496 0.04904 0.90368
36889.422237 44.81036 1.30292 60.29041 -0.01959 0.42475 0.04812 0.90382
36889.432415 44.89234 1.29992 60.34941 -0.01921 0.42475 0.04938 0.90376
36889.452323 45.07140 1.32112 60.50874 -0.01971 0.42516 0.04951 0.90355
36889.462468 45.16388 1.33165 60.58981 -0.01942 0.42515 0.04897 0.90359
36889.472647 45.27506 1.33642 60.68138 -0.01988 0.42503 0.04893 0.90364
36889.482209 45.33340 1.34530 60.72918 -0.02044 0.42507 0.04743 0.90369
36889.492407 45.44071 1.37891 60.81627 -0.01970 0.42545 0.04781 0.90350
36889.502473 45.51051 1.36496 60.88199 -0.01986 0.42523 0.04896 0.90354
36889.512230 45.62871 1.35961 60.96982 -0.02021 0.42519 0.04922 0.90354
36889.522366 45.73103 1.36894 61.04984 -0.02005 0.42509 0.04921 0.90359
36889.532467 45.78457 1.37357 61.13121 -0.02126 0.42544 0.04825 0.90345
36889.542532 45.88608 1.38371 61.21534 -0.02109 0.42553 0.04750 0.90345
36889.552196 45.97487 1.38585 61.29274 -0.02103 0.42529 0.04883 0.90349
36889.562371 46.05520 1.38748 61.34959 -0.02234 0.42583 0.04834 0.90323
36889.572435 46.18016 1.41872 61.44573 -0.02147 0.42571 0.04833 0.90331
36889.582500 46.27384 1.39949 61.53456 -0.02243 0.42576 0.04810 0.90328
36889.592564 46.32326 1.40886 61.58645 -0.02236 0.42605 0.04823 0.90314
36889.602631 46.45079 1.42020 61.68115 -0.02298 0.42583 0.04909 0.90318
36889.612216 46.53956 1.43866 61.76180 -0.02281 0.42604 0.04874 0.90310
36889.622402 46.64114 1.43507 61.84027 -0.02208 0.42604 0.05008 0.90305
36889.632466 46.74780 1.46114 61.92826 -0.02233 0.42603 0.04954 0.90308
36889.642197 46.80572 1.44691 61.98822 -0.02238 0.42610 0.04964 0.90303
36889.652423 46.91417 1.45917 62.06794 -0.02365 0.42570 0.04876 0.90324
36889.662196 46.98861 1.48004 62.14349 -0.02348 0.42618 0.04843 0.90303
36889.672347 47.09376 1.49401 62.22851 -0.02375 0.42617 0.04669 0.90312
36889.682430 47.23058 1.49103 62.33805 -0.02329 0.42606 0.04848 0.90310
36889.692494 47.29463 1.50095 62.40749 -0.02357 0.42645 0.04829 0.90291
36889.712222 47.45195 1.51190 62.53436 -0.02397 0.42647 0.04740 0.90294
36889.722417 47.55219 1.52162 62.60352 -0.02397 0.42633 0.04806 0.90297
36889.732645 47.64783 1.51569 62.68835 -0.02425 0.42653 0.04673 0.90294
36889.742214 47.73623 1.52245 62.73668 -0.02345 0.42600 0.04845 0.90312
36889.752390 47.85258 1.56068 62.85412 -0.02409 0.42657 0.04687 0.90292
36889.762493 47.94081 1.55407 62.91904 -0.02377 0.42687 0.04761 0.90274
36889.772559 48.03150 1.57248 63.00116 -0.02405 0.42661 0.04706 0.90289
36889.782636 48.06964 1.57412 63.06023 -0.02368 0.42678 0.04790 0.90278
36889.792198 48.16715 1.58169 63.12815 -0.02448 0.42680 0.04623 0.90283
36889.802395 48.28767 1.58085 63.21707 -0.02386 0.42672 0.04729 0.90283
36889.812460 48.38082 1.60522 63.31196 -0.02401 0.42709 0.04669 0.90268
36889.822523 48.44095 1.59506 63.37410 -0.02413 0.42754 0.04644 0.90248
36889.832588 48.55622 1.59945 63.46498 -0.02381 0.42756 0.04653 0.90247
36889.842653 48.72519 1.61889 63.56565 -0.02382 0.42716 0.04512 0.90274
36889.852234 48.80345 1.63891 63.63659 -0.02316 0.42695 0.04557 0.90283
36889.862424 48.88157 1.65265 63.72032 -0.02366 0.42749 0.04546 0.90257
36889.872488 48.94170 1.65082 63.77920 -0.02349 0.42768 0.04550 0.90248
36889.882553 49.03530 1.64752 63.83922 -0.02406 0.42752 0.04532 0.90255
36889.892616 49.06969 1.63040 63.90237 -0.02480 0.42793 0.04382 0.90241
36889.902178 49.21313 1.66706 64.00900 -0.02383 0.42800 0.04540 0.90232
36889.912251 49.32819 1.66765 64.08586 -0.02422 0.42778 0.04527 0.90242
36889.922389 49.42983 1.67253 64.15559 -0.02425 0.42758 0.04408 0.90258
36889.932454 49.51598 1.68436 64.24359 -0.02398 0.42806 0.04403 0.90236
36889.942519 49.62056 1.70341 64.32018 -0.02337 0.42772 0.04563 0.90246
36889.952586 49.70415 1.69658 64.41476 -0.02421 0.42805 0.04481 0.90232
36889.962651 49.80876 1.71476 64.50344 -0.02430 0.42802 0.04473 0.90233
36889.972223 49.88306 1.71378 64.55258 -0.02392 0.42805 0.04505 0.90231
36889.982335 49.97026 1.73220 64.63543 -0.02455 0.42815 0.04430 0.90229
36889.992399 50.03400 1.72946 64.69007 -0.02355 0.42837 0.04500 0.90218
36890.002471 50.18449 1.74642 64.81493 -0.02474 0.42832 0.04511 0.90216
36890.012532 50.25108 1.74619 64.86623 -0.02471 0.42848 0.04468 0.90211
36890.022596 50.33733 1.74957 64.96557 -0.02551 0.42857 0.04554 0.90200
36890.032158 50.40610 1.74491 65.04128 -0.02531 0.42931 0.04439 0.90171
36890.042340 50.52066 1.75853 65.12627 -0.02579 0.42924 0.04464 0.90172
36890.052403 50.61072 1.77001 65.21159 -0.02558 0.42931 0.04525 0.90166
36890.062466 50.67544 1.77793 65.29061 -0.02616 0.42951 0.04497 0.90156
36890.072531 50.79925 1.77737 65.37259 -0.02632 0.42940 0.04587 0.90157
36890.082596 50.89615 1.79610 65.41355 -0.02646 0.42920 0.04608 0.90165
36890.092158 51.01521 1.81300 65.51559 -0.02660 0.42916 0.04511 0.90171
36890.102339 51.08042 1.80676 65.58237 -0.02680 0.42946 0.04632 0.90150
36890.112403 51.14097 1.82172 65.63575 -0.02699 0.42961 0.04649 0.90141
36890.122467 51.23626 1.79709 65.69459 -0.02763 0.42976 0.04665 0.90131
36890.132535 51.36609 1.82505 65.82176 -0.02818 0.42949 0.04465 0.90153
36890.142609 51.45997 1.83885 65.91750 -0.02742 0.42985 0.04555 0.90133
36890.152178 51.54000 1.86742 65.99123 -0.02784 0.42986 0.04651 0.90127
36890.162639 51.60529 1.84876 66.01230 -0.02802 0.42955 0.04659 0.90141
36890.172197 51.65547 1.83528 66.00733 -0.02818 0.42939 0.04737 0.90144
36890.182219 51.72243 1.87032 66.02757 -0.02857 0.42941 0.04586 0.90149
36890.202231 51.82486 1.98688 66.04059 -0.02789 0.42953 0.04731 0.90138
36890.212168 51.94324 2.10199 66.05827 -0.02586 0.42926 0.04727 0.90157
36890.222314 52.03847 2.22143 65.99492 -0.02507 0.42864 0.04543 0.90198
36890.232395 52.19665 2.33641 66.02363 -0.02535 0.42771 0.04309 0.90253
36890.242462 52.29525 2.47166 66.02878 -0.02253 0.42723 0.04595 0.90269
36890.252528 52.43279 2.57485 66.09295 -0.02185 0.42657 0.04625 0.90301
36890.262591 52.55150 2.64518 66.11552 -0.02201 0.42601 0.04323 0.90342
36890.272643 52.67148 2.72577 66.12940 -0.02156 0.42581 0.04147 0.90361
36890.282211 52.82043 2.87406 66.15609 -0.02082 0.42504 0.04006 0.90405
36890.292404 52.92574 3.02772 66.17028 -0.01820 0.42461 0.04321 0.90416
36890.302468 53.03169 3.13610 66.18929 -0.01744 0.42397 0.04024 0.90461
36890.312617 53.09392 3.26255 66.22742 -0.01570 0.42421 0.04063 0.90452
36890.322177 53.12014 3.33274 66.23375 -0.01522 0.42427 0.03955 0.90454
36890.332322 53.22714 3.39306 66.26038 -0.01480 0.42420 0.03951 0.90458
36890.342465 53.23477 3.36784 66.22206 -0.01503 0.42450 0.04231 0.90431
36890.352171 53.26111 3.28508 66.25180 -0.01615 0.42461 0.04294 0.90421
36890.362366 53.28163 3.16987 66.25586 -0.01765 0.42482 0.04592 0.90394
36890.372430 53.34981 3.11756 66.26968 -0.01873 0.42488 0.04561 0.90391
36890.382494 53.43199 3.10499 66.29209 -0.01803 0.42441 0.04889 0.90397
36890.392561 53.58230 3.10939 66.44894 -0.02009 0.42474 0.04512 0.90396
36890.402631 53.65250 3.12835 66.52612 -0.01814 0.42506 0.04959 0.90362
36890.412191 53.81156 3.22265 66.69682 -0.01703 0.42501 0.04945 0.90367
36890.422270 53.83944 3.27234 66.77659 -0.01656 0.42570 0.04728 0.90347
36890.432219 53.92932 3.26955 66.84682 -0.01735 0.42575 0.04568 0.90352
36890.442365 54.04082 3.23917 66.94304 -0.01811 0.42601 0.04609 0.90336
36890.452438 54.16376 3.25107 67.01926 -0.01704 0.42570 0.04990 0.90333
36890.462504 54.24990 3.28538 67.12253 -0.01720 0.42620 0.04879 0.90315
36890.472611 54.33195 3.26131 67.16270 -0.01818 0.42596 0.04785 0.90329
36890.482183 54.42224 3.25771 67.22579 -0.01876 0.42573 0.04931 0.90331
36890.492258 54.53655 3.24825 67.35070 -0.01792 0.42599 0.05027 0.90315
36890.502654 54.59361 3.29276 67.42965 -0.01763 0.42637 0.05081 0.90295
36890.512228 54.72018 3.30747 67.51227 -0.01842 0.42647 0.04939 0.90296
36890.522397 54.80401 3.31823 67.59882 -0.01759 0.42627 0.04954 0.90307
36890.532459 54.89163 3.36503 67.65695 -0.01734 0.42643 0.04909 0.90302
36890.542520 55.02757 3.35485 67.75045 -0.01790 0.42653 0.04871 0.90298
36890.552649 55.10568 3.33784 67.82974 -0.01792 0.42660 0.05061 0.90284
36890.562312 55.20982 3.35827 67.90221 -0.01839 0.42669 0.04906 0.90288
36890.572465 55.28124 3.33891 67.96446 -0.01816 0.42689 0.05013 0.90273
36890.582526 55.38469 3.33445 68.05822 -0.01886 0.42668 0.04977 0.90284
36890.592623 55.51097 3.34521 68.15518 -0.01860 0.42670 0.04999 0.90282
36890.602184 55.58592 3.37631 68.22947 -0.01834 0.42673 0.04964 0.90283
36890.612344 55.66935 3.38186 68.29342 -0.01880 0.42694 0.04967 0.90272
36890.622466 55.74422 3.36386 68.36127 -0.01930 0.42713 0.04995 0.90260
36890.632178 55.85745 3.38022 68.45248 -0.01916 0.42665 0.05068 0.90279
36890.642409 55.95763 3.37673 68.55337 -0.01920 0.42711 0.05066 0.90258
36890.652473 56.06767 3.42526 68.63357 -0.01890 0.42715 0.05004 0.90260
36890.662327 56.14300 3.42424 68.68421 -0.01891 0.42691 0.04980 0.90272
36890.672410 56.22426 3.41334 68.75592 -0.01969 0.42694 0.04963 0.90270
36890.682472 56.32671 3.42975 68.86870 -0.01994 0.42728 0.04984 0.90252
36890.702305 56.50879 3.43811 68.99332 -0.02015 0.42728 0.05039 0.90249
36890.712414 56.64350 3.46504 69.10000 -0.01923 0.42730 0.05023 0.90251
36890.722481 56.68742 3.47612 69.17788 -0.01965 0.42767 0.04981 0.90235
36890.742229 56.88661 3.48444 69.34882 -0.01952 0.42792 0.05135 0.90215
36890.752392 57.01232 3.48713 69.41763 -0.02008 0.42759 0.05108 0.90231
36890.762465 57.09572 3.50985 69.48258 -0.02063 0.42772 0.05060 0.90226
36890.772527 57.19590 3.49776 69.56208 -0.01968 0.42767 0.05026 0.90232
36890.782215 57.29252 3.51243 69.65640 -0.02039 0.42755 0.05155 0.90229
36890.792359 57.36255 3.53104 69.72348 -0.01993 0.42780 0.04975 0.90228
36890.802438 57.49536 3.54772 69.82184 -0.01982 0.42795 0.05116 0.90213
36890.812500 57.56867 3.54720 69.88639 -0.02055 0.42777 0.05053 0.90224
36890.822171 57.66467 3.55325 69.97474 -0.02015 0.42808 0.05117 0.90207
36890.832407 57.76810 3.54549 70.04544 -0.02106 0.42810 0.05099 0.90204
36890.842474 57.79583 3.53646 70.11455 -0.02044 0.42839 0.05152 0.90189
36890.852178 57.88497 3.54938 70.19413 -0.02099 0.42861 0.05202 0.90175
36890.862422 58.01880 3.59507 70.30367 -0.02064 0.42857 0.05171 0.90179
36890.872488 58.09172 3.57061 70.35603 -0.02149 0.42879 0.05087 0.90172
36890.882158 58.17656 3.58792 70.43970 -0.02059 0.42870 0.05177 0.90173
36890.892240 58.29597 3.56005 70.52753 -0.02131 0.42871 0.05214 0.90168
36890.902426 58.39187 3.60402 70.60277 -0.02086 0.42876 0.05296 0.90163
36890.912491 58.49441 3.62139 70.68952 -0.02105 0.42857 0.05132 0.90180
36890.922164 58.57844 3.64186 70.77768 -0.02124 0.42882 0.05165 0.90166
36890.932338 58.67815 3.65542 70.86331 -0.02101 0.42902 0.05169 0.90157
36890.942403 58.76681 3.65597 70.94585 -0.02048 0.42892 0.05211 0.90160
36890.952468 58.86961 3.67180 71.00722 -0.02129 0.42901 0.05190 0.90156
36890.962639 58.95868 3.68604 71.10418 -0.02088 0.42918 0.05211 0.90147
36890.972304 59.09552 3.67714 71.18935 -0.02144 0.42898 0.05211 0.90155
36890.982444 59.15888 3.67852 71.22902 -0.02123 0.42895 0.05395 0.90146
36890.992511 59.25165 3.69136 71.30530 -0.02091 0.42893 0.05342 0.90151
36891.002612 59.35553 3.69539 71.40697 -0.02105 0.42900 0.05393 0.90145
36891.012171 59.47237 3.72543 71.50559 -0.02106 0.42913 0.05283 0.90145
36891.022318 59.53437 3.71909 71.54812 -0.02114 0.42907 0.05405 0.90140
36891.032462 59.70076 3.76428 71.63685 -0.02161 0.42868 0.05287 0.90165
36891.042178 59.79280 3.78742 71.71323 -0.02060 0.42849 0.05310 0.90175
36891.052333 59.84540 3.77776 71.77202 -0.02099 0.42853 0.05379 0.90168
36891.062413 59.96064 3.78041 71.90323 -0.02116 0.42903 0.05366 0.90145
36891.072477 60.09719 3.79203 72.00207 -0.02099 0.42896 0.05387 0.90147
36891.082645 60.17413 3.77891 72.07181 -0.02119 0.42930 0.05455 0.90127
36891.092321 60.27129 3.80573 72.14647 -0.02152 0.42928 0.05410 0.90129
36891.102401 60.34537 3.80793 72.21688 -0.02159 0.42937 0.05408 0.90125
36891.112464 60.48043 3.81315 72.33040 -0.02158 0.42973 0.05479 0.90103
36891.122632 60.52529 3.82358 72.39836 -0.02177 0.42959 0.05446 0.90112
36891.132190 60.63147 3.83814 72.46223 -0.02121 0.42951 0.05486 0.90114
36891.142428 60.74292 3.84576 72.54618 -0.02136 0.42943 0.05435 0.90121
36891.152161 60.85206 3.83083 72.62353 -0.02177 0.42954 0.05577 0.90106
36891.162328 60.93606 3.86994 72.69628 -0.02166 0.42957 0.05490 0.90110
36891.172623 61.07321 3.85621 72.81303 -0.02128 0.42933 0.05643 0.90113
36891.182187 61.20307 3.84507 72.90999 -0.02182 0.42948 0.05617 0.90106
36891.192634 61.22447 3.85807 72.94240 -0.02206 0.42970 0.05597 0.90097
36891.202197 61.30619 3.89046 73.01610 -0.02231 0.43003 0.05622 0.90079
36891.212613 61.40502 3.91474 73.12577 -0.02205 0.43004 0.05463 0.90088
36891.222175 61.49439 3.90207 73.18269 -0.02222 0.43033 0.05582 0.90067
36891.232625 61.60254 3.94250 73.26438 -0.02229 0.43010 0.05510 0.90082
36891.242253 61.73407 3.92945 73.35336 -0.02230 0.43010 0.05531 0.90081
36891.252161 61.80051 3.92288 73.42447 -0.02205 0.43010 0.05654 0.90074
36891.262311 61.89532 3.94597 73.50427 -0.02184 0.43040 0.05682 0.90058
36891.272612 61.99617 3.96712 73.58466 -0.02301 0.43044 0.05534 0.90063
36891.282175 62.12411 3.96614 73.67260 -0.02223 0.43024 0.05705 0.90064
36891.292252 62.21492 3.97166 73.78779 -0.02222 0.43057 0.05578 0.90056
36891.302160 62.28188 3.96876 73.82322 -0.02296 0.43057 0.05606 0.90052
36891.312232 62.39240 3.99040 73.90316 -0.02193 0.43080 0.05758 0.90034
36891.322211 62.51272 3.98626 74.00342 -0.02241 0.43068 0.05717 0.90041
36891.332411 62.60870 3.99495 74.04974 -0.02184 0.43029 0.05848 0.90053
36891.342655 62.71714 4.00852 74.16400 -0.02277 0.43033 0.05666 0.90060
36891.352314 62.84620 4.02984 74.23695 -0.02227 0.43072 0.05732 0.90039
36891.362190 62.88161 4.03788 74.27437 -0.02177 0.43031 0.05876 0.90051
36891.372336 62.96539 4.04136 74.37255 -0.02269 0.43078 0.05754 0.90034
36891.382650 63.05549 4.06222 74.46457 -0.02218 0.43113 0.05692 0.90022
36891.392217 63.16452 4.06496 74.54083 -0.02200 0.43085 0.05786 0.90030
36891.402415 63.26095 4.07473 74.61103 -0.02196 0.43089 0.05812 0.90026
36891.412667 63.37173 4.07642 74.68776 -0.02207 0.43064 0.05863 0.90035
36891.422239 63.45833 4.09462 74.75384 -0.02249 0.43106 0.05786 0.90019
36891.432220 63.56383 4.10681 74.85056 -0.02175 0.43094 0.05885 0.90020
36891.442419 63.69045 4.10755 74.95889 -0.02175 0.43130 0.05927 0.90000
36891.452148 63.74814 4.11130 75.02052 -0.02200 0.43109 0.05911 0.90010
36891.462215 63.85191 4.12896 75.08526 -0.02251 0.43102 0.05899 0.90013
36891.472628 63.95491 4.14093 75.18008 -0.02242 0.43123 0.05835 0.90007
36891.482193 64.05268 4.14234 75.25640 -0.02250 0.43129 0.05929 0.89998
36891.492642 64.13682 4.14906 75.33362 -0.02281 0.43141 0.05771 0.90002
36891.502212 64.21644 4.16432 75.40156 -0.02207 0.43158 0.05880 0.89988
36891.512288 64.29853 4.16094 75.47770 -0.02345 0.43141 0.05860 0.89995
36891.522189 64.40120 4.17644 75.53545 -0.02345 0.43155 0.05920 0.89984
36891.532404 64.48980 4.16307 75.62944 -0.02343 0.43166 0.05935 0.89978
36891.542645 64.60056 4.17025 75.73046 -0.02261 0.43212 0.06013 0.89952
36891.552211 64.72732 4.19235 75.82260 -0.02379 0.43161 0.05996 0.89975
36891.562617 64.82781 4.19994 75.87837 -0.02346 0.43132 0.05965 0.89992
36891.572177 64.92522 4.24454 75.96307 -0.02334 0.43157 0.05923 0.89983
36891.582260 64.98870 4.25165 76.04382 -0.02347 0.43170 0.05783 0.89986
36891.592621 65.10650 4.25712 76.15412 -0.02343 0.43188 0.05815 0.89975
36891.602185 65.16391 4.22674 76.18935 -0.02448 0.43197 0.05930 0.89960
36891.612255 65.25980 4.21355 76.28286 -0.02474 0.43209 0.06023 0.89948
36891.622186 65.37230 4.25817 76.35040 -0.02529 0.43176 0.05881 0.89971
36891.632401 65.55355 4.28531 76.47080 -0.02404 0.43137 0.05995 0.89986
36891.642469 65.63464 4.29214 76.51918 -0.02472 0.43130 0.05948 0.89991
36891.652645 65.71191 4.29771 76.58267 -0.02458 0.43136 0.05944 0.89989
36891.662213 65.82615 4.31519 76.68597 -0.02415 0.43140 0.05944 0.89988
36891.672388 65.91884 4.32682 76.76648 -0.02405 0.43150 0.06005 0.89979
36891.682453 65.97192 4.32280 76.84450 -0.02489 0.43169 0.06020 0.89967
36891.692517 66.07605 4.31058 76.93892 -0.02534 0.43191 0.06091 0.89950
36891.702345 66.19412 4.34394 77.01635 -0.02592 0.43218 0.05865 0.89950
36891.712410 66.30830 4.35855 77.07639 -0.02516 0.43163 0.05961 0.89973
36891.722475 66.44862 4.40676 77.17929 -0.02464 0.43146 0.05859 0.89989
36891.732539 66.51750 4.40181 77.24000 -0.02446 0.43162 0.05951 0.89976
36891.752223 66.73993 4.41140 77.42648 -0.02528 0.43170 0.06024 0.89965
36891.762209 66.77081 4.42165 77.46561 -0.02400 0.43167 0.06120 0.89963
36891.772375 66.89832 4.41994 77.56224 -0.02578 0.43177 0.06017 0.89961
36891.782462 66.97493 4.44025 77.62547 -0.02468 0.43171 0.06003 0.89967
36891.792526 67.08554 4.44792 77.72546 -0.02523 0.43145 0.06018 0.89977
36891.802588 67.14792 4.44521 77.79297 -0.02544 0.43177 0.06134 0.89954
36891.822223 67.38179 4.45403 77.95695 -0.02600 0.43177 0.06072 0.89956
36891.832419 67.51576 4.47822 78.04778 -0.02553 0.43163 0.06066 0.89965
36891.842217 67.48342 4.47574 78.01384 -0.02515 0.43095 0.06092 0.89997
36891.852284 67.68042 4.50119 78.18671 -0.02552 0.43170 0.06148 0.89956
36891.862423 67.81695 4.51398 78.27919 -0.02558 0.43126 0.06047 0.89984
36891.872495 67.91100 4.52855 78.36802 -0.02504 0.43155 0.06073 0.89969
36891.882563 67.97012 4.52961 78.43634 -0.02580 0.43196 0.06059 0.89949
36891.892639 68.08513 4.54598 78.54423 -0.02584 0.43224 0.06006 0.89938
36891.902198 68.20145 4.55439 78.60327 -0.02536 0.43215 0.06142 0.89935
36891.912367 68.25198 4.56953 78.67856 -0.02564 0.43222 0.06060 0.89936
36891.922429 68.38124 4.58076 78.78397 -0.02557 0.43213 0.06074 0.89940
36891.932493 68.49282 4.59359 78.85924 -0.02575 0.43164 0.05975 0.89969
36891.942560 68.56951 4.59209 78.92380 -0.02555 0.43194 0.06091 0.89948
36891.952623 68.66721 4.60859 79.01084 -0.02542 0.43207 0.06151 0.89938
36891.962185 68.76045 4.61869 79.09385 -0.02611 0.43209 0.06092 0.89939
36891.972371 68.86600 4.64787 79.17711 -0.02553 0.43202 0.06067 0.89946
36891.982435 68.94625 4.65426 79.23858 -0.02555 0.43234 0.06068 0.89930
36891.992501 69.01850 4.65847 79.32899 -0.02555 0.43253 0.06069 0.89921
36892.002568 69.12094 4.66642 79.38896 -0.02538 0.43217 0.06130 0.89935
36892.012633 69.30530 4.68758 79.50009 -0.02503 0.43175 0.06272 0.89946
36892.022209 69.44716 4.72462 79.55963 -0.02493 0.43121 0.06116 0.89983
36892.032409 69.58268 4.76411 79.64712 -0.02457 0.43072 0.06007 0.90015
36892.042475 69.73727 4.80501 79.74631 -0.02446 0.43067 0.05922 0.90023
36892.052539 69.82582 4.81009 79.81232 -0.02357 0.43030 0.06083 0.90033
36892.062603 69.93697 4.81816 79.88910 -0.02433 0.43037 0.06107 0.90026
36892.072163 69.99940 4.80404 79.96306 -0.02387 0.43062 0.06192 0.90009
36892.082252 70.09661 4.80088 80.06891 -0.02467 0.43099 0.06178 0.89990
36892.092393 70.10316 4.78093 80.12068 -0.02567 0.43139 0.06241 0.89964
36892.102458 70.21812 4.78399 80.20735 -0.02614 0.43155 0.06195 0.89958
36892.112530 70.33463 4.79900 80.28868 -0.02537 0.43161 0.06202 0.89957
36892.122596 70.47547 4.80501 80.37067 -0.02553 0.43127 0.06263 0.89969
36892.142347 70.64890 4.83280 80.52323 -0.02523 0.43141 0.06330 0.89958
36892.152412 70.77913 4.84094 80.61131 -0.02537 0.43105 0.06288 0.89978
36892.162481 70.90889 4.89414 80.67270 -0.02498 0.43075 0.06270 0.89994
36892.172545 71.06566 4.96079 80.77065 -0.02438 0.43046 0.06108 0.90021
36892.182606 71.19841 4.97337 80.84040 -0.02404 0.43045 0.06027 0.90028
36892.192167 71.28932 4.96092 80.94383 -0.02453 0.43026 0.06085 0.90032
36892.202347 71.29496 4.94332 80.99179 -0.02451 0.43077 0.06181 0.90001
36892.212410 71.36402 4.93549 81.07870 -0.02554 0.43124 0.06263 0.89970
36892.222475 71.43477 4.92967 81.15122 -0.02626 0.43118 0.06264 0.89971
36892.232538 71.50874 4.92197 81.22914 -0.02588 0.43144 0.06311 0.89956
36892.242604 71.64164 4.93280 81.33620 -0.02609 0.43160 0.06357 0.89944
36892.252164 71.71355 4.97318 81.37297 -0.02605 0.43134 0.06308 0.89961
36892.262348 71.90930 5.00526 81.47392 -0.02541 0.43074 0.06232 0.89996
36892.272409 72.05953 5.05708 81.56135 -0.02552 0.43065 0.06048 0.90013
36892.282474 72.14512 5.07806 81.65485 -0.02566 0.43052 0.05989 0.90023
36892.292539 72.18016 5.09441 81.72766 -0.02538 0.43140 0.05981 0.89982
36892.302603 72.25013 5.08006 81.79304 -0.02608 0.43160 0.06050 0.89966
36892.312164 72.40625 5.06852 81.91068 -0.02728 0.43183 0.05992 0.89955
36892.322343 72.57740 5.10872 81.98040 -0.02586 0.43096 0.06107 0.89993
36892.332410 72.79929 5.17143 82.07047 -0.02538 0.42979 0.05965 0.90060
36892.342475 73.01121 5.21667 82.14913 -0.02479 0.42954 0.05770 0.90086
36892.352540 73.19842 5.25601 82.23439 -0.02604 0.42869 0.05503 0.90140
36892.362607 73.27350 5.26554 82.31738 -0.02420 0.42855 0.05762 0.90136
36892.372168 73.27914 5.29444 82.37043 -0.02563 0.42921 0.05674 0.90106
36892.382359 73.30345 5.30483 82.42397 -0.02492 0.42977 0.05750 0.90076
36892.392421 73.37325 5.32298 82.52581 -0.02641 0.43128 0.05443 0.90019
36892.402509 73.34172 5.33097 82.57821 -0.02873 0.43114 0.05288 0.90027
36892.412571 73.32846 5.40385 82.63671 -0.02831 0.43260 0.04954 0.89978
36892.422636 73.29487 5.44691 82.66957 -0.02538 0.43192 0.05104 0.90011
36892.432209 73.21941 5.50338 82.64252 -0.02496 0.43131 0.05285 0.90031
36892.442314 73.17349 5.55771 82.62575 -0.02583 0.43075 0.05184 0.90061
36892.452384 73.18133 5.56649 82.62140 -0.02713 0.43004 0.04787 0.90113
36892.462450 73.19586 5.55463 82.65833 -0.02830 0.43061 0.04768 0.90083
36892.472513 73.25883 5.50955 82.73832 -0.02727 0.43105 0.04770 0.90066
36892.482577 73.39333 5.51398 82.86998 -0.02748 0.43144 0.05014 0.90033
36892.492641 73.67327 5.54996 83.10258 -0.02749 0.43254 0.04867 0.89988
36892.502211 73.90389 5.60595 83.28384 -0.02571 0.43412 0.05015 0.89909
36892.512188 74.00975 5.66414 83.34658 -0.02693 0.43391 0.04729 0.89931
36892.522214 74.07767 5.66129 83.36598 -0.02752 0.43280 0.04698 0.89985
36892.532210 74.17914 5.66140 83.38544 -0.02668 0.43178 0.04706 0.90035
36892.542210 74.41758 5.65608 83.51278 -0.02640 0.43212 0.04892 0.90010
36892.552381 74.70162 5.71363 83.70204 -0.02638 0.43216 0.04867 0.90010
36892.562454 74.84123 5.78755 83.79902 -0.02625 0.43221 0.04749 0.90014
36892.572520 74.93597 5.81939 83.88713 -0.02604 0.43234 0.04740 0.90009
36892.582585 74.97069 5.84055 83.91311 -0.02736 0.43249 0.04474 0.90011
36892.592650 75.06300 5.85816 83.97424 -0.02633 0.43227 0.04466 0.90025
36892.602338 75.15496 5.86196 84.06643 -0.02688 0.43184 0.04558 0.90040
36892.612401 75.32434 5.86719 84.16844 -0.02680 0.43227 0.04574 0.90019
36892.622464 75.48070 5.90920 84.26451 -0.02652 0.43194 0.04561 0.90036
36892.632528 75.60334 5.90184 84.33482 -0.02552 0.43184 0.04586 0.90042
36892.642592 75.68802 5.89829 84.40456 -0.02567 0.43113 0.04749 0.90067
36892.652162 75.79109 5.87818 84.46752 -0.02616 0.43102 0.04728 0.90073
36892.662238 75.92542 5.94084 84.55334 -0.02706 0.43110 0.04574 0.90074
36892.672611 76.04352 5.99968 84.60410 -0.02657 0.43083 0.04441 0.90095
36892.682172 76.12257 6.09589 84.63493 -0.02549 0.43011 0.04350 0.90137
36892.692319 76.17909 6.18870 84.65247 -0.02379 0.42990 0.04359 0.90151
36892.702464 76.16641 6.24041 84.60046 -0.02343 0.43025 0.04408 0.90133
36892.712528 76.10270 6.27556 84.59058 -0.02295 0.42983 0.04388 0.90155
36892.722590 76.00586 6.33817 84.60840 -0.02421 0.43020 0.04463 0.90131
36892.732653 75.93674 6.41399 84.62579 -0.02296 0.43157 0.04361 0.90073
36892.742260 75.89099 6.51040 84.60709 -0.02447 0.43214 0.04024 0.90058
36892.752641 75.95398 6.60581 84.64804 -0.02348 0.43276 0.03818 0.90039
36892.762210 76.05669 6.67944 84.70009 -0.02037 0.43337 0.04048 0.90007
36892.772159 76.14179 6.72831 84.73471 -0.01947 0.43401 0.04230 0.89970
36892.782230 76.18896 6.76082 84.73852 -0.01940 0.43375 0.04344 0.89977
36892.792184 76.15336 6.76099 84.61732 -0.01970 0.43428 0.04323 0.89953
36892.802333 76.19935 6.73711 84.57531 -0.02040 0.43274 0.04374 0.90023
36892.812468 76.34027 6.73737 84.62932 -0.02124 0.43274 0.04393 0.90020
36892.822280 76.46107 6.76011 84.71189 -0.02141 0.43259 0.04409 0.90026
36892.832615 76.52584 6.78466 84.70833 -0.02170 0.43201 0.04454 0.90051
36892.842177 76.56722 6.77385 84.71059 -0.02157 0.43238 0.04608 0.90026
36892.852261 76.63011 6.78139 84.74657 -0.02124 0.43282 0.04426 0.90014
36892.862166 76.74080 6.78291 84.78081 -0.02158 0.43232 0.04349 0.90041
36892.872311 76.87994 6.78635 84.79393 -0.02161 0.43092 0.04507 0.90100
36892.882246 77.09331 6.81460 84.80985 -0.02141 0.43016 0.04550 0.90135
36892.892632 77.24962 6.84945 84.78828 -0.02042 0.42844 0.04675 0.90213
36892.902193 77.43253 6.86095 84.83999 -0.02056 0.42676 0.04394 0.90306
36892.912206 77.55405 6.81945 84.89288 -0.02154 0.42681 0.04335 0.90305
36892.922309 77.69758 6.78113 85.02734 -0.02220 0.42708 0.04487 0.90282
36892.932222 77.78081 6.76009 85.15561 -0.02239 0.42757 0.04449 0.90261
36892.942190 77.88175 6.73702 85.35863 -0.02288 0.42826 0.04567 0.90221
36892.952171 77.84539 6.77490 85.45682 -0.02262 0.42969 0.04584 0.90153
36892.962242 77.84259 6.81650 85.51626 -0.02239 0.43059 0.04426 0.90118
36892.972640 77.94154 6.81313 85.63243 -0.02213 0.43110 0.04358 0.90098
36892.982210 78.07483 6.82053 85.74418 -0.02270 0.43077 0.04312 0.90115
36892.992627 78.12676 6.76545 85.76416 -0.02349 0.43042 0.04379 0.90126
36893.002191 78.21819 6.77331 85.79334 -0.02338 0.43030 0.04485 0.90127
36893.012228 78.29194 6.80068 85.82995 -0.02309 0.43007 0.04381 0.90143
36893.022155 78.42430 6.82535 85.93604 -0.02294 0.43000 0.04314 0.90150
36893.032634 78.53518 6.86233 86.06436 -0.02243 0.43061 0.04354 0.90121
36893.042217 78.62109 6.89467 86.14305 -0.02193 0.43066 0.04374 0.90118
36893.052285 78.70843 6.83913 86.19509 -0.02261 0.43077 0.04356 0.90113
36893.062208 78.80446 6.84265 86.27787 -0.02327 0.43069 0.04386 0.90113
36893.072281 78.88760 6.87115 86.37010 -0.02241 0.43085 0.04310 0.90112
36893.082658 78.97015 6.84839 86.42298 -0.02312 0.43067 0.04325 0.90118
36893.092226 79.07040 6.90030 86.49816 -0.02251 0.43067 0.04288 0.90121
36893.102642 79.16990 6.89704 86.54933 -0.02221 0.43061 0.04236 0.90127
36893.112211 79.28729 6.92507 86.63931 -0.02179 0.43045 0.04262 0.90134
36893.122303 79.40248 6.96728 86.71347 -0.02178 0.43046 0.04162 0.90139
36893.132642 79.50546 6.95170 86.80787 -0.02154 0.43040 0.04229 0.90139
36893.142211 79.56882 6.94919 86.87503 -0.02178 0.43067 0.04261 0.90124
36893.152274 79.62045 6.93688 86.93287 -0.02246 0.43077 0.04261 0.90118
36893.162209 79.74746 6.93693 87.01503 -0.02256 0.43071 0.04233 0.90121
36893.172350 79.85208 6.96121 87.10540 -0.02185 0.43062 0.04245 0.90127
36893.182254 79.95810 6.94672 87.18080 -0.02205 0.43061 0.04330 0.90123
36893.192628 80.02126 6.95960 87.26076 -0.02279 0.43093 0.04148 0.90114
36893.202188 80.12517 6.97130 87.33910 -0.02192 0.43088 0.04262 0.90114
36893.212161 80.23075 6.98780 87.43494 -0.02236 0.43097 0.04186 0.90112
36893.222234 80.34551 6.99064 87.52387 -0.02236 0.43126 0.04135 0.90100
36893.232312 80.44404 6.98872 87.58229 -0.02224 0.43093 0.04207 0.90113
36893.242619 80.52519 7.00232 87.66626 -0.02194 0.43081 0.04201 0.90120
36893.252180 80.63300 7.00240 87.73831 -0.02220 0.43070 0.04209 0.90124
36893.262255 80.70243 7.00780 87.80661 -0.02182 0.43109 0.04185 0.90107
36893.272165 80.78731 6.99630 87.87726 -0.02203 0.43106 0.04259 0.90105
36893.282264 80.88497 7.02645 87.95178 -0.02220 0.43127 0.04156 0.90099
36893.292616 81.00222 7.03709 88.05445 -0.02193 0.43122 0.04108 0.90105
36893.302178 81.09101 7.04468 88.11189 -0.02208 0.43118 0.04076 0.90108
36893.312249 81.17650 7.05527 88.17428 -0.02183 0.43100 0.04160 0.90113
36893.322639 81.27226 7.08049 88.26709 -0.02188 0.43136 0.04041 0.90101
36893.332249 81.37886 7.09914 88.35954 -0.02179 0.43150 0.04088 0.90092
36893.342316 81.49248 7.09445 88.43805 -0.02131 0.43158 0.04084 0.90090
36893.352187 81.56489 7.09508 88.49657 -0.02196 0.43123 0.04073 0.90106
36893.362645 81.65254 7.09347 88.56976 -0.02214 0.43131 0.04048 0.90102
36893.372610 81.77269 7.11124 88.68449 -0.02176 0.43162 0.04090 0.90087
36893.382214 81.81234 7.12892 88.71469 -0.02166 0.43176 0.04075 0.90081
36893.392175 81.93022 7.11905 88.80185 -0.02209 0.43135 0.04034 0.90101
36893.402256 82.02724 7.13838 88.88682 -0.02215 0.43150 0.04038 0.90093
36893.412332 82.11331 7.12942 88.96366 -0.02278 0.43150 0.04040 0.90092
36893.422190 82.21692 7.13578 89.04499 -0.02240 0.43157 0.04105 0.90087
36893.432653 82.32346 7.15030 89.13032 -0.02215 0.43139 0.04069 0.90097
36893.442628 82.41871 7.17448 89.18354 -0.02245 0.43157 0.04008 0.90091
36893.452223 82.52009 7.17596 89.25265 -0.02275 0.43137 0.03982 0.90101
36893.462224 82.59104 7.18247 89.34960 -0.02257 0.43172 0.04001 0.90084
36893.472286 82.68853 7.18947 89.41748 -0.02330 0.43183 0.04020 0.90076
36893.482365 82.80254 7.19676 89.49961 -0.02306 0.43145 0.04059 0.90093
36893.492184 82.90057 7.21223 89.57608 -0.02298 0.43154 0.03981 0.90092
36893.502654 82.96673 7.20430 89.63444 -0.02278 0.43163 0.04037 0.90086
36893.512611 83.05566 7.20906 89.72544 -0.02344 0.43196 0.04047 0.90068
36893.522200 83.13308 7.22075 89.79665 -0.02294 0.43193 0.04010 0.90072
36893.532293 83.22424 7.24724 89.89152 -0.02287 0.43229 0.04004 0.90055
36893.552626 83.44562 7.24585 90.07054 -0.02358 0.43218 0.03995 0.90059
36893.562206 83.54856 7.24875 90.12943 -0.02310 0.43212 0.04018 0.90062
36893.572191 83.64121 7.26536 90.19089 -0.02341 0.43219 0.04062 0.90056
36893.582634 83.74783 7.29296 90.29382 -0.02341 0.43194 0.03949 0.90073
36893.592232 83.85437 7.29326 90.38784 -0.02327 0.43206 0.03966 0.90067
36893.602306 83.90953 7.29008 90.42513 -0.02364 0.43232 0.04026 0.90051
36893.612252 84.03591 7.31224 90.54164 -0.02359 0.43247 0.03901 0.90049
36893.622642 84.12121 7.30837 90.59308 -0.02387 0.43230 0.03976 0.90053
36893.632215 84.21795 7.30897 90.67610 -0.02333 0.43273 0.04061 0.90031
36893.642280 84.29571 7.33012 90.73761 -0.02319 0.43266 0.03993 0.90038
36893.652378 84.39298 7.33451 90.80592 -0.02378 0.43232 0.03939 0.90055
36893.662261 84.47865 7.34456 90.86719 -0.02388 0.43252 0.03972 0.90043
36893.672632 84.61545 7.35093 90.97761 -0.02371 0.43253 0.03956 0.90044
36893.682193 84.68729 7.37457 91.03760 -0.02384 0.43269 0.03903 0.90038
36893.692269 84.77686 7.35912 91.10472 -0.02413 0.43253 0.03977 0.90042
36893.702657 84.86289 7.37900 91.20216 -0.02388 0.43270 0.03919 0.90037
36893.712327 84.93832 7.38762 91.24636 -0.02403 0.43262 0.03847 0.90043
36893.722234 85.04715 7.39448 91.33910 -0.02402 0.43277 0.03935 0.90032
36893.732305 85.15169 7.38204 91.42293 -0.02395 0.43287 0.03977 0.90026
36893.742189 85.22036 7.41152 91.50028 -0.02367 0.43293 0.03933 0.90026
36893.752640 85.28072 7.43136 91.55379 -0.02383 0.43305 0.03825 0.90024
36893.762209 85.42519 7.42948 91.64105 -0.02397 0.43314 0.03839 0.90019
36893.772320 85.51924 7.44227 91.73585 -0.02350 0.43334 0.03838 0.90011
36893.782382 85.60539 7.45144 91.78375 -0.02382 0.43297 0.03820 0.90028
36893.792190 85.72454 7.45975 91.87489 -0.02374 0.43304 0.03817 0.90026
36893.802652 85.80850 7.49816 91.94310 -0.02305 0.43310 0.03781 0.90026
36893.812222 85.89743 7.49386 92.01595 -0.02408 0.43306 0.03787 0.90025
36893.822315 86.01748 7.47936 92.12006 -0.02355 0.43330 0.03840 0.90012
36893.832230 86.09103 7.49701 92.18489 -0.02343 0.43324 0.03790 0.90018
36893.842295 86.17018 7.50897 92.26785 -0.02315 0.43364 0.03724 0.90002
36893.852183 86.25220 7.52268 92.31288 -0.02419 0.43301 0.03693 0.90031
36893.862169 86.36991 7.53399 92.40840 -0.02381 0.43302 0.03693 0.90031
36893.872634 86.48525 7.54356 92.48692 -0.02343 0.43348 0.03716 0.90009
36893.882609 86.55553 7.55736 92.56804 -0.02389 0.43349 0.03770 0.90005
36893.892213 86.65733 7.55685 92.64033 -0.02399 0.43329 0.03708 0.90017
36893.902372 86.73138 7.55882 92.69023 -0.02372 0.43352 0.03767 0.90004
36893.912256 86.83269 7.57038 92.78877 -0.02480 0.43351 0.03675 0.90006
36893.922636 86.89740 7.57604 92.85114 -0.02500 0.43362 0.03664 0.90000
36893.932196 87.00912 7.58845 92.93203 -0.02469 0.43363 0.03719 0.89998
36893.942165 87.09967 7.59094 93.00170 -0.02460 0.43375 0.03668 0.89995
36893.952236 87.19087 7.58258 93.08661 -0.02556 0.43397 0.03599 0.89985
36893.962620 87.30077 7.60652 93.17835 -0.02508 0.43374 0.03645 0.89995
36893.972240 87.36799 7.62158 93.23500 -0.02534 0.43382 0.03630 0.89991
36893.982376 87.45952 7.63441 93.29809 -0.02583 0.43371 0.03551 0.89998
36893.992266 87.56400 7.63655 93.37991 -0.02554 0.43381 0.03557 0.89994
36894.002630 87.66945 7.64370 93.44165 -0.02537 0.43370 0.03649 0.89996
36894.012198 87.77099 7.66038 93.51600 -0.02534 0.43340 0.03599 0.90013
36894.022271 87.84533 7.67938 93.58341 -0.02560 0.43328 0.03571 0.90019
36894.032174 87.95924 7.69442 93.67764 -0.02587 0.43391 0.03504 0.89990
36894.042258 88.04439 7.68612 93.76391 -0.02542 0.43390 0.03688 0.89985
36894.052623 88.16138 7.70838 93.82450 -0.02583 0.43385 0.03540 0.89992
36894.062185 88.26725 7.70587 93.90569 -0.02656 0.43347 0.03582 0.90006
36894.072258 88.33450 7.72365 93.96950 -0.02616 0.43357 0.03588 0.90003
36894.082642 88.45025 7.72747 94.06774 -0.02601 0.43390 0.03462 0.89992
36894.092245 88.53325 7.71786 94.15452 -0.02619 0.43417 0.03629 0.89972
36894.102324 88.59889 7.72919 94.21353 -0.02682 0.43393 0.03528 0.89985
36894.112197 88.69761 7.75368 94.29642 -0.02644 0.43401 0.03570 0.89981
36894.122160 88.79271 7.78359 94.36609 -0.02629 0.43428 0.03432 0.89974
36894.132630 88.87018 7.78020 94.44520 -0.02647 0.43405 0.03407 0.89986
36894.142236 88.97971 7.77552 94.51208 -0.02672 0.43426 0.03468 0.89972
36894.152306 89.05572 7.77770 94.57941 -0.02661 0.43439 0.03504 0.89965
36894.162169 89.17101 7.78378 94.66739 -0.02739 0.43443 0.03379 0.89965
36894.169216 89.18258 7.81136 94.68855 -0.02730 0.43455 0.03342 0.89961
