36880.947605 -0.00211 0.00622 0.01466 -0.00011 0.00004 0.00017 1.00000
36880.957728 0.00078 0.00319 0.05297 0.00020 0.00031 -0.00004 1.00000
36880.967294 -0.01098 0.00204 0.09470 0.00001 0.00040 -0.00024 1.00000
36880.977695 -0.00340 -0.00943 0.16662 -0.00057 0.00074 -0.00068 1.00000
36880.987272 -0.00630 0.01366 0.20225 -0.00020 0.00121 0.00028 1.00000
36880.997657 -0.00930 0.00242 0.26512 -0.00040 0.00146 0.00013 1.00000
36881.007725 -0.01311 -0.00098 0.32746 -0.00037 0.00151 -0.00020 1.00000
36881.017693 -0.00279 0.00287 0.36765 -0.00049 0.00192 0.00031 1.00000
36881.027267 -0.01117 -0.00156 0.42915 -0.00058 0.00216 0.00042 1.00000
36881.037648 -0.01122 -0.00905 0.46809 -0.00092 0.00267 0.00067 1.00000
36881.057301 -0.00264 0.00138 0.56932 -0.00032 0.00307 0.00068 1.00000
36881.067675 -0.00543 0.01038 0.61723 -0.00047 0.00319 -0.00014 0.99999
36881.077241 -0.00577 -0.00921 0.68102 -0.00050 0.00313 0.00003 0.99999
36881.087652 -0.00159 0.00130 0.75264 -0.00057 0.00374 -0.00012 0.99999
36881.097722 0.00864 0.00558 0.77125 -0.00071 0.00379 -0.00004 0.99999
36881.107629 -0.00757 -0.00100 0.82934 -0.00052 0.00417 0.00017 0.99999
36881.117692 0.00020 -0.01323 0.88176 -0.00063 0.00476 -0.00030 0.99999
36881.127266 0.00366 -0.00570 0.94294 -0.00035 0.00486 0.00013 0.99999
36881.137333 -0.00399 -0.00522 0.97353 -0.00035 0.00545 -0.00009 0.99999
36881.147404 0.00203 -0.00438 1.04668 -0.00008 0.00568 0.00094 0.99998
36881.157682 0.00399 -0.00445 1.10253 -0.00018 0.00602 -0.00081 0.99998
36881.167256 0.00221 -0.00694 1.14134 -0.00005 0.00631 0.00003 0.99998
36881.177660 -0.00008 -0.00436 1.20313 -0.00023 0.00679 -0.00047 0.99998
36881.187730 0.00646 -0.00971 1.21137 -0.00022 0.00608 -0.00007 0.99998
36881.197650 0.00543 -0.00346 1.27764 -0.00036 0.00645 0.00118 0.99998
36881.207247 0.00952 0.00238 1.31639 -0.00002 0.00662 0.00055 0.99998
36881.217641 0.01764 0.00022 1.38195 0.00009 0.00679 0.00050 0.99998
36881.227734 0.01284 -0.00421 1.39600 -0.00015 0.00774 0.00084 0.99997
36881.237661 0.02107 -0.00626 1.43465 -0.00026 0.00767 0.00038 0.99997
36881.247735 0.01089 0.00021 1.50606 0.00005 0.00813 -0.00074 0.99997
36881.257354 0.02335 -0.00742 1.55785 0.00007 0.00837 0.00029 0.99996
36881.267418 0.02888 -0.00957 1.61479 -0.00015 0.00900 0.00068 0.99996
36881.277322 0.01255 -0.00290 1.65077 0.00031 0.00927 0.00021 0.99996
36881.287631 0.01825 0.00263 1.70770 0.00022 0.00986 -0.00038 0.99995
36881.297704 0.02556 -0.00602 1.76748 0.00042 0.01000 0.00043 0.99995
36881.307638 0.02503 -0.00571 1.78044 0.00009 0.01061 -0.00034 0.99994
36881.317248 0.03365 -0.01119 1.85097 0.00026 0.01084 -0.00030 0.99994
36881.327648 0.03680 -0.00268 1.89270 0.00017 0.01101 -0.00020 0.99994
36881.337258 0.04327 -0.01401 1.94333 0.00015 0.01152 0.00063 0.99993
36881.347677 0.03549 -0.00967 1.97672 0.00028 0.01206 0.00002 0.99993
36881.357310 0.04394 -0.00448 2.07030 0.00039 0.01265 0.00028 0.99992
36881.367395 0.03358 -0.01407 2.10543 0.00020 0.01340 0.00047 0.99991
36881.377279 0.03567 0.00259 2.17128 0.00031 0.01370 -0.00082 0.99991
36881.387627 0.04983 -0.00305 2.23446 0.00078 0.01365 -0.00074 0.99991
36881.397693 0.05507 0.00185 2.28221 0.00032 0.01402 0.00011 0.99990
36881.407646 0.04962 -0.01145 2.33401 0.00018 0.01512 -0.00058 0.99989
36881.417712 0.06387 -0.00056 2.39001 0.00024 0.01557 0.00026 0.99988
36881.427671 0.05692 -0.00145 2.42368 0.00048 0.01560 0.00030 0.99988
36881.437616 0.06128 -0.00645 2.46217 0.00052 0.01629 -0.00014 0.99987
36881.457647 0.06678 -0.00866 2.57604 -0.00002 0.01727 -0.00003 0.99985
36881.467622 0.07345 -0.00781 2.63923 0.00028 0.01791 -0.00016 0.99984
36881.477705 0.06572 0.00118 2.66792 0.00054 0.01824 0.00027 0.99983
36881.487344 0.07264 -0.00308 2.70887 0.00033 0.01844 0.00064 0.99983
36881.507336 0.08494 -0.00578 2.82721 0.00021 0.02007 -0.00091 0.99980
36881.517683 0.08897 -0.01057 2.89294 0.00007 0.02048 0.00055 0.99979
36881.527647 0.09362 -0.00947 2.93431 0.00026 0.02072 0.00035 0.99979
36881.537717 0.09811 -0.00416 3.00238 0.00024 0.02124 0.00149 0.99977
36881.547279 0.09997 -0.01147 3.03660 0.00016 0.02193 0.00039 0.99976
36881.557714 0.10028 -0.00308 3.09885 0.00062 0.02249 0.00068 0.99975
36881.567336 0.10706 -0.01316 3.15730 0.00029 0.02334 0.00009 0.99973
36881.587732 0.11522 -0.01136 3.27288 0.00048 0.02425 0.00164 0.99970
36881.597292 0.11567 -0.01731 3.30819 0.00018 0.02502 0.00167 0.99969
36881.607687 0.11375 -0.00918 3.35227 0.00091 0.02554 0.00120 0.99967
36881.617640 0.12656 -0.00720 3.45931 0.00070 0.02624 0.00139 0.99965
36881.627712 0.13653 -0.00897 3.46484 0.00044 0.02625 0.00171 0.99965
36881.637273 0.14995 -0.01153 3.52157 0.00080 0.02707 0.00189 0.99963
36881.647669 0.13928 -0.01489 3.58983 0.00079 0.02791 0.00188 0.99961
36881.657237 0.16370 -0.02074 3.66416 0.00041 0.02851 0.00248 0.99959
36881.667631 0.14929 -0.01742 3.70750 0.00076 0.02926 0.00209 0.99957
36881.677694 0.16185 -0.02377 3.70878 0.00053 0.02964 0.00254 0.99956
36881.687259 0.17248 -0.01861 3.79242 0.00064 0.03002 0.00317 0.99954
36881.697679 0.17272 -0.01749 3.84677 0.00065 0.03087 0.00214 0.99952
36881.707647 0.17930 -0.01808 3.88621 0.00061 0.03163 0.00347 0.99949
36881.717720 0.18992 -0.02351 3.95606 0.00031 0.03243 0.00274 0.99947
36881.727625 0.21163 -0.01789 4.01836 0.00031 0.03282 0.00245 0.99946
36881.737310 0.21352 -0.02580 4.05835 0.00037 0.03310 0.00269 0.99945
36881.747305 0.20907 -0.02275 4.09288 0.00013 0.03408 0.00333 0.99941
36881.757736 0.20859 -0.02526 4.17475 0.00025 0.03471 0.00328 0.99939
36881.767304 0.22259 -0.02980 4.27120 -0.00016 0.03541 0.00226 0.99937
36881.777729 0.22689 -0.02510 4.30427 -0.00012 0.03568 0.00319 0.99936
36881.787289 0.24117 -0.02162 4.36824 -0.00002 0.03638 0.00415 0.99933
36881.797288 0.24656 -0.02484 4.40891 -0.00022 0.03738 0.00297 0.99930
36881.807306 0.25475 -0.03533 4.46525 -0.00044 0.03801 0.00258 0.99927
36881.817283 0.25908 -0.02686 4.53271 -0.00025 0.03866 0.00386 0.99924
36881.827253 0.26017 -0.03017 4.57536 -0.00053 0.03954 0.00341 0.99921
36881.837321 0.28374 -0.02693 4.65208 -0.00037 0.03946 0.00363 0.99921
36881.857320 0.28655 -0.02756 4.74671 -0.00015 0.04065 0.00337 0.99917
36881.877305 0.31133 -0.02604 4.88337 -0.00028 0.04224 0.00344 0.99910
36881.887222 0.32021 -0.02456 4.93009 -0.00029 0.04232 0.00305 0.99910
36881.917292 0.35231 -0.04113 5.08908 -0.00034 0.04442 0.00440 0.99900
36881.927730 0.35765 -0.04530 5.16864 -0.00040 0.04544 0.00432 0.99896
36881.937294 0.37126 -0.03474 5.21145 -0.00042 0.04581 0.00424 0.99894
36881.957638 0.37940 -0.04545 5.33868 -0.00038 0.04700 0.00436 0.99889
36881.967619 0.37870 -0.03499 5.39696 -0.00009 0.04801 0.00523 0.99883
36881.977686 0.38218 -0.04392 5.46547 -0.00010 0.04859 0.00446 0.99881
36881.987638 0.40649 -0.04239 5.52213 -0.00037 0.04892 0.00500 0.99879
36881.997707 0.41749 -0.04560 5.59616 -0.00012 0.04962 0.00483 0.99876
36882.007332 0.42137 -0.04915 5.63673 -0.00039 0.05021 0.00518 0.99873
36882.027671 0.44938 -0.05565 5.77387 -0.00034 0.05156 0.00531 0.99866
36882.037608 0.45678 -0.05189 5.82558 -0.00002 0.05178 0.00553 0.99864
36882.047673 0.45772 -0.05000 5.88365 -0.00007 0.05247 0.00540 0.99861
36882.057319 0.46920 -0.05401 5.95420 -0.00039 0.05351 0.00433 0.99856
36882.077341 0.47918 -0.05996 6.06913 -0.00046 0.05498 0.00515 0.99847
36882.087619 0.49472 -0.06043 6.13069 -0.00051 0.05548 0.00467 0.99845
36882.097685 0.52479 -0.06304 6.18713 -0.00042 0.05596 0.00493 0.99842
36882.107648 0.51742 -0.05280 6.23059 -0.00038 0.05685 0.00593 0.99837
36882.117306 0.52654 -0.05297 6.30920 -0.00038 0.05733 0.00594 0.99834
36882.127431 0.53442 -0.05974 6.39465 -0.00080 0.05830 0.00631 0.99828
36882.137632 0.54411 -0.06443 6.42955 -0.00008 0.05886 0.00512 0.99825
36882.147696 0.56181 -0.07059 6.50263 -0.00048 0.05927 0.00488 0.99823
36882.157656 0.58019 -0.06689 6.55861 -0.00061 0.06014 0.00494 0.99818
36882.167328 0.57826 -0.05880 6.62972 -0.00044 0.06105 0.00604 0.99812
36882.177494 0.58879 -0.05815 6.67130 -0.00024 0.06154 0.00707 0.99808
36882.187559 0.60034 -0.06477 6.72156 -0.00023 0.06191 0.00716 0.99806
36882.197623 0.60522 -0.06468 6.80179 -0.00043 0.06268 0.00686 0.99801
36882.217314 0.61148 -0.06543 6.90462 -0.00053 0.06455 0.00536 0.99790
36882.227690 0.63414 -0.05578 6.96436 -0.00076 0.06527 0.00662 0.99785
36882.237665 0.65197 -0.06091 7.01946 -0.00082 0.06550 0.00713 0.99783
36882.247402 0.66962 -0.06222 7.10840 -0.00053 0.06619 0.00700 0.99778
36882.257467 0.67685 -0.06541 7.16359 -0.00065 0.06650 0.00748 0.99776
36882.267531 0.69029 -0.05983 7.21735 -0.00051 0.06767 0.00754 0.99768
36882.277266 0.69571 -0.06858 7.26995 -0.00120 0.06842 0.00596 0.99764
36882.287721 0.69551 -0.06268 7.33486 -0.00123 0.06927 0.00673 0.99757
36882.297641 0.72440 -0.06563 7.38407 -0.00158 0.06978 0.00689 0.99754
36882.307714 0.72439 -0.07792 7.39449 -0.00163 0.07075 0.00790 0.99746
36882.317680 0.71223 -0.05883 7.47197 -0.00176 0.07106 0.00800 0.99744
36882.327629 0.72310 -0.06619 7.51359 -0.00173 0.07206 0.00717 0.99737
36882.337694 0.73751 -0.07321 7.55674 -0.00230 0.07267 0.00683 0.99733
36882.347663 0.75299 -0.07901 7.56777 -0.00249 0.07324 0.00741 0.99728
36882.357621 0.77345 -0.08407 7.68736 -0.00300 0.07406 0.00761 0.99722
36882.367704 0.79014 -0.07707 7.78474 -0.00254 0.07511 0.00761 0.99714
36882.377413 0.80085 -0.07460 7.87354 -0.00265 0.07569 0.00752 0.99710
36882.387480 0.80022 -0.08044 7.86260 -0.00254 0.07616 0.00782 0.99706
36882.397544 0.82929 -0.08547 7.92267 -0.00275 0.07675 0.00746 0.99702
36882.407611 0.84332 -0.09256 7.95151 -0.00361 0.07734 0.00717 0.99697
36882.417673 0.84961 -0.09557 8.03450 -0.00362 0.07807 0.00659 0.99692
36882.437423 0.87970 -0.09324 8.18206 -0.00344 0.07955 0.00737 0.99680
36882.447488 0.89262 -0.09116 8.24814 -0.00350 0.08048 0.00666 0.99673
36882.457304 0.90390 -0.07868 8.31490 -0.00333 0.08104 0.00701 0.99668
36882.467678 0.91524 -0.08623 8.36974 -0.00330 0.08172 0.00749 0.99662
36882.477659 0.95056 -0.10007 8.45363 -0.00366 0.08232 0.00759 0.99657
36882.487335 0.95765 -0.10139 8.44472 -0.00376 0.08260 0.00544 0.99656
36882.497473 0.95819 -0.10435 8.50310 -0.00376 0.08330 0.00567 0.99650
36882.507539 0.95910 -0.09362 8.57745 -0.00341 0.08413 0.00696 0.99642
36882.527679 1.00014 -0.09894 8.72367 -0.00312 0.08558 0.00639 0.99631
36882.537660 1.00252 -0.08584 8.78927 -0.00278 0.08657 0.00680 0.99622
36882.547229 1.03446 -0.09007 8.85842 -0.00336 0.08665 0.00628 0.99621
36882.557651 1.04034 -0.09125 8.93182 -0.00295 0.08813 0.00640 0.99608
36882.567720 1.05815 -0.09035 8.97392 -0.00300 0.08855 0.00644 0.99605
36882.577647 1.07908 -0.09642 9.02667 -0.00312 0.08946 0.00624 0.99597
36882.587221 1.08759 -0.10202 9.06928 -0.00285 0.08981 0.00645 0.99593
36882.597404 1.09643 -0.09945 9.13126 -0.00284 0.09067 0.00616 0.99586
36882.607469 1.11753 -0.10084 9.20590 -0.00289 0.09153 0.00516 0.99579
36882.617534 1.12714 -0.10604 9.25735 -0.00255 0.09224 0.00690 0.99571
36882.627639 1.14765 -0.09821 9.31917 -0.00254 0.09302 0.00664 0.99564
36882.637713 1.16124 -0.09773 9.37544 -0.00237 0.09290 0.00569 0.99566
36882.647403 1.19659 -0.10984 9.41895 -0.00237 0.09367 0.00692 0.99558
36882.657483 1.21465 -0.11636 9.46632 -0.00242 0.09467 0.00655 0.99548
36882.667547 1.22681 -0.10753 9.51589 -0.00179 0.09570 0.00673 0.99539
36882.677612 1.24542 -0.10615 9.61599 -0.00158 0.09612 0.00689 0.99534
36882.687677 1.25853 -0.10792 9.66626 -0.00146 0.09665 0.00629 0.99530
36882.707478 1.29873 -0.12143 9.75262 -0.00055 0.09772 0.00664 0.99519
36882.717544 1.30374 -0.11474 9.85271 -0.00046 0.09889 0.00550 0.99508
36882.727609 1.31424 -0.11292 9.93489 -0.00033 0.09966 0.00610 0.99500
36882.737675 1.33153 -0.10095 9.99068 0.00043 0.10009 0.00737 0.99495
36882.747257 1.34889 -0.10905 10.04587 0.00049 0.10071 0.00665 0.99489
36882.757353 1.36419 -0.11520 10.10740 0.00110 0.10185 0.00674 0.99478
36882.767423 1.38202 -0.10428 10.15657 0.00165 0.10226 0.00696 0.99473
36882.777493 1.40851 -0.10962 10.25521 0.00166 0.10347 0.00683 0.99461
36882.787553 1.41295 -0.10090 10.28265 0.00226 0.10354 0.00650 0.99460
36882.797616 1.42415 -0.09956 10.35380 0.00285 0.10477 0.00739 0.99447
36882.807681 1.44894 -0.10537 10.41895 0.00311 0.10545 0.00847 0.99438
36882.817354 1.46280 -0.10065 10.51141 0.00339 0.10614 0.00676 0.99432
36882.827448 1.49201 -0.10679 10.54475 0.00346 0.10710 0.00699 0.99422
36882.837515 1.51244 -0.09910 10.62980 0.00429 0.10751 0.00836 0.99416
36882.847577 1.53518 -0.11207 10.65091 0.00406 0.10825 0.00834 0.99408
36882.857641 1.55412 -0.11696 10.73281 0.00424 0.10914 0.00694 0.99399
36882.867212 1.56568 -0.11285 10.80113 0.00488 0.11020 0.00803 0.99387
36882.877415 1.58052 -0.10457 10.83366 0.00496 0.11140 0.00701 0.99374
36882.887479 1.61385 -0.11595 10.88800 0.00527 0.11131 0.00673 0.99375
36882.897557 1.62866 -0.12960 10.95606 0.00533 0.11218 0.00779 0.99364
36882.907621 1.64177 -0.12060 11.03879 0.00617 0.11322 0.00729 0.99352
36882.917685 1.65343 -0.12762 11.08488 0.00625 0.11407 0.00728 0.99343
36882.927257 1.69391 -0.13395 11.12894 0.00643 0.11463 0.00790 0.99336
36882.937433 1.69884 -0.11102 11.20800 0.00697 0.11535 0.00889 0.99326
36882.947496 1.70308 -0.10783 11.30721 0.00676 0.11647 0.00754 0.99314
36882.957676 1.72777 -0.10879 11.40390 0.00718 0.11720 0.00704 0.99306
36882.977651 1.78295 -0.10148 11.51952 0.00723 0.11869 0.00685 0.99288
36882.987720 1.80005 -0.12156 11.57911 0.00711 0.11965 0.00622 0.99277
36882.997654 1.82416 -0.12352 11.62814 0.00715 0.12027 0.00597 0.99270
36883.007726 1.84059 -0.13540 11.66838 0.00701 0.12141 0.00625 0.99256
36883.017355 1.85765 -0.13885 11.73156 0.00698 0.12263 0.00502 0.99242
36883.027671 1.88340 -0.13218 11.79969 0.00650 0.12268 0.00542 0.99241
36883.037679 1.89330 -0.13961 11.81588 0.00689 0.12360 0.00443 0.99230
36883.047711 1.91208 -0.12016 11.91303 0.00695 0.12451 0.00682 0.99217
36883.067690 1.94554 -0.14624 12.04264 0.00663 0.12594 0.00539 0.99200
36883.097619 2.01673 -0.15145 12.19506 0.00659 0.12826 0.00603 0.99170
36883.107681 2.03167 -0.12644 12.34315 0.00618 0.12950 0.00523 0.99155
36883.127626 2.06633 -0.14127 12.38830 0.00604 0.13057 0.00589 0.99140
36883.137687 2.09543 -0.17020 12.43492 0.00535 0.13181 0.00379 0.99125
36883.147357 2.09159 -0.14874 12.46794 0.00542 0.13274 0.00547 0.99112
36883.167670 2.15207 -0.16275 12.61151 0.00523 0.13394 0.00506 0.99096
36883.177238 2.15758 -0.16150 12.68307 0.00513 0.13471 0.00506 0.99086
36883.187655 2.19485 -0.14945 12.73782 0.00547 0.13574 0.00594 0.99071
36883.197623 2.24654 -0.14634 12.84184 0.00498 0.13624 0.00681 0.99064
36883.207686 2.26693 -0.16574 12.92579 0.00489 0.13723 0.00737 0.99050
36883.217343 2.27905 -0.18685 12.95240 0.00431 0.13832 0.00582 0.99036
36883.227676 2.30815 -0.19295 13.04215 0.00415 0.13810 0.00450 0.99040
36883.237311 2.31274 -0.19645 13.00330 0.00392 0.13959 0.00500 0.99019
36883.257647 2.37688 -0.17840 13.18816 0.00344 0.14128 0.00575 0.98995
36883.267209 2.36032 -0.20131 13.19396 0.00305 0.14238 0.00562 0.98979
36883.277640 2.36935 -0.19684 13.28130 0.00331 0.14315 0.00543 0.98968
36883.287717 2.40604 -0.21192 13.34141 0.00292 0.14391 0.00550 0.98957
36883.297344 2.43729 -0.19726 13.43259 0.00298 0.14475 0.00530 0.98945
36883.307291 2.44208 -0.19750 13.46635 0.00290 0.14572 0.00685 0.98930
36883.317718 2.47725 -0.20693 13.50491 0.00241 0.14661 0.00478 0.98918
36883.347673 2.57734 -0.20766 13.73382 0.00221 0.14892 0.00508 0.98883
36883.357323 2.58464 -0.23486 13.78352 0.00209 0.14984 0.00649 0.98869
36883.367672 2.59844 -0.23926 13.82411 0.00121 0.15078 0.00525 0.98855
36883.377648 2.62796 -0.23469 13.87606 0.00141 0.15127 0.00640 0.98847
36883.397646 2.68411 -0.22638 14.03641 0.00163 0.15333 0.00718 0.98815
36883.407728 2.68369 -0.22745 14.12039 0.00099 0.15438 0.00608 0.98799
36883.417639 2.68933 -0.22612 14.15081 0.00129 0.15553 0.00714 0.98780
36883.427727 2.74921 -0.22152 14.28322 0.00108 0.15582 0.00681 0.98776
36883.437639 2.77038 -0.23031 14.33455 0.00159 0.15702 0.00603 0.98758
36883.447711 2.83935 -0.24169 14.40666 0.00067 0.15757 0.00620 0.98749
36883.457645 2.83988 -0.24585 14.46942 0.00054 0.15841 0.00694 0.98735
36883.467733 2.85718 -0.25859 14.52453 0.00014 0.15991 0.00565 0.98711
36883.477629 2.86234 -0.25473 14.54756 -0.00015 0.16067 0.00626 0.98699
36883.487692 2.91681 -0.24336 14.63556 0.00018 0.16125 0.00681 0.98689
36883.497639 2.94545 -0.24942 14.68524 -0.00013 0.16193 0.00692 0.98678
36883.507709 2.96145 -0.24347 14.72336 0.00007 0.16292 0.00673 0.98662
36883.517635 2.99494 -0.24845 14.85081 -0.00031 0.16395 0.00686 0.98644
36883.527710 3.02188 -0.25398 14.92268 -0.00030 0.16473 0.00645 0.98632
36883.537731 3.04322 -0.26181 14.98392 -0.00029 0.16563 0.00662 0.98617
36883.547623 3.07565 -0.26774 15.04711 -0.00044 0.16672 0.00651 0.98598
36883.557687 3.08197 -0.24686 15.06590 -0.00058 0.16774 0.00701 0.98581
36883.567729 3.14774 -0.25555 15.15591 -0.00044 0.16836 0.00625 0.98571
36883.577631 3.18111 -0.23955 15.26307 -0.00024 0.16949 0.00753 0.98550
36883.587695 3.20774 -0.23387 15.29328 -0.00027 0.16961 0.00692 0.98549
36883.597624 3.26052 -0.24767 15.36831 -0.00036 0.17062 0.00749 0.98531
36883.607713 3.25741 -0.26819 15.45421 -0.00043 0.17188 0.00633 0.98510
36883.617728 3.28272 -0.26192 15.55223 -0.00101 0.17309 0.00723 0.98488
36883.627625 3.28708 -0.29895 15.57354 -0.00131 0.17404 0.00661 0.98472
36883.637690 3.30042 -0.27332 15.63925 -0.00113 0.17481 0.00663 0.98458
36883.647612 3.36772 -0.26427 15.71186 -0.00109 0.17558 0.00634 0.98444
36883.657677 3.42096 -0.27228 15.80224 -0.00091 0.17626 0.00626 0.98432
36883.667654 3.44306 -0.25529 15.88340 -0.00083 0.17739 0.00685 0.98412
36883.677727 3.44950 -0.28195 15.94474 -0.00135 0.17817 0.00574 0.98398
36883.687399 3.52230 -0.27762 15.96077 -0.00159 0.17862 0.00507 0.98390
36883.697648 3.53739 -0.26197 16.06775 -0.00053 0.17957 0.00719 0.98372
36883.707720 3.58286 -0.28854 16.08776 -0.00123 0.18073 0.00668 0.98351
36883.717415 3.58530 -0.26013 16.19539 -0.00092 0.18167 0.00707 0.98333
36883.737674 3.62807 -0.24429 16.28922 -0.00106 0.18392 0.00501 0.98293
36883.757454 3.68431 -0.26525 16.45447 -0.00091 0.18562 0.00714 0.98260
36883.767640 3.72781 -0.27899 16.54158 -0.00105 0.18702 0.00496 0.98234
36883.777714 3.79139 -0.27530 16.64711 -0.00092 0.18753 0.00622 0.98224
36883.797647 3.84600 -0.26540 16.73399 -0.00031 0.18906 0.00660 0.98194
36883.817427 3.89523 -0.26561 16.83862 -0.00068 0.19111 0.00622 0.98155
36883.827691 3.94234 -0.26842 16.85793 -0.00020 0.19192 0.00594 0.98139
36883.837306 3.94304 -0.28373 16.99223 -0.00021 0.19307 0.00648 0.98116
36883.847451 3.96098 -0.28490 17.10066 -0.00067 0.19445 0.00480 0.98090
36883.857622 4.01846 -0.27207 17.15113 -0.00030 0.19565 0.00548 0.98066
36883.867687 4.04358 -0.29159 17.23494 -0.00061 0.19644 0.00541 0.98050
36883.877420 4.07564 -0.30422 17.28664 -0.00023 0.19759 0.00473 0.98027
36883.887664 4.08978 -0.26622 17.27398 0.00039 0.19837 0.00545 0.98011
36883.897230 4.15095 -0.26010 17.36975 0.00062 0.19860 0.00650 0.98006
36883.907438 4.19899 -0.25791 17.45261 0.00036 0.19981 0.00620 0.97982
36883.917504 4.23234 -0.29585 17.48503 -0.00008 0.20078 0.00564 0.97962
36883.927714 4.23664 -0.30237 17.58423 0.00015 0.20215 0.00662 0.97933
36883.937671 4.28501 -0.31038 17.66692 -0.00022 0.20299 0.00562 0.97916
36883.957445 4.33974 -0.29560 17.78086 0.00006 0.20515 0.00651 0.97871
36883.967630 4.38851 -0.29314 17.91492 0.00002 0.20594 0.00654 0.97854
36883.977694 4.41413 -0.31815 17.96794 0.00045 0.20740 0.00595 0.97824
36883.987267 4.43307 -0.28825 18.01571 0.00068 0.20797 0.00724 0.97811
36883.997705 4.46989 -0.31171 18.05953 0.00057 0.20870 0.00681 0.97796
36884.007412 4.49867 -0.31038 18.14541 0.00041 0.21025 0.00559 0.97763
36884.017686 4.52161 -0.31312 18.20131 0.00041 0.21101 0.00569 0.97747
36884.027338 4.58679 -0.29020 18.28296 0.00055 0.21211 0.00642 0.97722
36884.037651 4.59875 -0.31178 18.28806 0.00020 0.21301 0.00474 0.97704
36884.047217 4.64857 -0.31170 18.40407 0.00095 0.21363 0.00650 0.97689
36884.057425 4.68925 -0.32020 18.46345 0.00046 0.21481 0.00608 0.97664
36884.067617 4.74097 -0.28542 18.54604 0.00123 0.21588 0.00642 0.97640
36884.077683 4.78770 -0.31334 18.65629 0.00115 0.21685 0.00669 0.97618
36884.087649 4.80970 -0.29562 18.76419 0.00089 0.21794 0.00629 0.97594
36884.107441 4.88221 -0.30182 18.83589 0.00086 0.21933 0.00579 0.97563
36884.117707 4.90833 -0.28864 18.92767 0.00105 0.22102 0.00607 0.97525
36884.127422 4.98144 -0.30971 19.00139 0.00102 0.22138 0.00607 0.97517
36884.137670 5.00703 -0.29979 19.03556 0.00114 0.22229 0.00544 0.97497
36884.147315 5.03750 -0.30417 19.12410 0.00075 0.22362 0.00562 0.97466
36884.157660 5.08457 -0.32467 19.23967 0.00029 0.22486 0.00551 0.97437
36884.167729 5.07561 -0.33755 19.24518 -0.00006 0.22587 0.00528 0.97414
36884.177418 5.13985 -0.31303 19.33444 0.00066 0.22645 0.00606 0.97400
36884.187484 5.21340 -0.32374 19.39046 0.00049 0.22680 0.00584 0.97392
36884.197674 5.24375 -0.30316 19.47795 0.00061 0.22809 0.00489 0.97363
36884.207413 5.27197 -0.28831 19.58455 0.00099 0.22950 0.00690 0.97328
36884.217482 5.34647 -0.29035 19.66584 0.00051 0.23019 0.00493 0.97313
36884.227550 5.42205 -0.31110 19.71355 0.00002 0.23092 0.00419 0.97296
36884.237274 5.40463 -0.30631 19.72144 0.00004 0.23138 0.00485 0.97285
36884.247722 5.44423 -0.31775 19.80163 -0.00015 0.23293 0.00551 0.97248
36884.257661 5.46027 -0.31402 19.88231 0.00014 0.23407 0.00592 0.97220
36884.277652 5.57053 -0.31281 20.06626 -0.00046 0.23588 0.00511 0.97177
36884.287719 5.62539 -0.29580 20.16727 -0.00038 0.23653 0.00496 0.97161
36884.297627 5.68226 -0.30419 20.17753 -0.00063 0.23774 0.00433 0.97132
36884.307693 5.71683 -0.32687 20.27382 -0.00137 0.23859 0.00416 0.97111
36884.317416 5.74669 -0.31138 20.30372 -0.00074 0.23969 0.00447 0.97084
36884.327486 5.78183 -0.30967 20.42271 -0.00132 0.24095 0.00277 0.97053
36884.337275 5.85776 -0.28987 20.50978 -0.00112 0.24087 0.00449 0.97055
36884.347719 5.90376 -0.30707 20.56274 -0.00098 0.24213 0.00482 0.97023
36884.357651 5.89645 -0.31179 20.58900 -0.00116 0.24315 0.00487 0.96998
36884.367720 5.95560 -0.30786 20.72517 -0.00170 0.24453 0.00498 0.96963
36884.377280 6.04574 -0.31967 20.79355 -0.00190 0.24536 0.00343 0.96942
36884.387723 6.09718 -0.31198 20.86145 -0.00157 0.24545 0.00411 0.96940
36884.397411 6.08885 -0.29820 20.91078 -0.00141 0.24702 0.00379 0.96900
36884.407476 6.15435 -0.31716 20.99391 -0.00153 0.24763 0.00392 0.96884
36884.417674 6.20720 -0.32751 21.12014 -0.00213 0.24909 0.00293 0.96847
36884.437682 6.29536 -0.30087 21.24753 -0.00206 0.25088 0.00404 0.96801
36884.457656 6.38777 -0.30639 21.36377 -0.00215 0.25268 0.00326 0.96754
36884.467725 6.46596 -0.31385 21.48386 -0.00177 0.25378 0.00372 0.96725
36884.477422 6.44511 -0.34003 21.52857 -0.00271 0.25577 0.00265 0.96673
36884.487679 6.49000 -0.33031 21.61039 -0.00224 0.25618 0.00136 0.96663
36884.497400 6.51412 -0.33967 21.64191 -0.00225 0.25726 0.00100 0.96634
36884.507464 6.59776 -0.34124 21.70826 -0.00169 0.25799 0.00323 0.96614
36884.517660 6.62498 -0.33285 21.78865 -0.00178 0.25926 0.00178 0.96580
36884.537448 6.70801 -0.35418 21.93565 -0.00203 0.26117 0.00149 0.96529
36884.547651 6.77608 -0.34640 22.02166 -0.00186 0.26199 0.00225 0.96507
36884.557648 6.80603 -0.34519 22.09500 -0.00141 0.26331 0.00206 0.96471
36884.567720 6.87842 -0.33676 22.19135 -0.00106 0.26448 0.00153 0.96439
36884.577416 6.91663 -0.35137 22.26398 -0.00118 0.26568 0.00171 0.96406
36884.587480 6.96353 -0.35932 22.28052 -0.00107 0.26588 0.00132 0.96400
36884.597628 7.00177 -0.34986 22.37066 -0.00059 0.26742 0.00213 0.96358
36884.607693 7.08883 -0.34091 22.46127 -0.00049 0.26778 0.00200 0.96348
36884.617406 7.14760 -0.35162 22.53595 0.00012 0.26894 0.00254 0.96315
36884.627473 7.15071 -0.32959 22.59261 0.00032 0.27014 0.00211 0.96282
36884.637539 7.21928 -0.34179 22.67290 0.00044 0.27110 0.00214 0.96255
36884.647604 7.26516 -0.33413 22.75531 0.00053 0.27204 0.00273 0.96228
36884.657721 7.31246 -0.35917 22.81480 0.00002 0.27329 0.00221 0.96193
36884.667689 7.36194 -0.35230 22.90050 0.00042 0.27431 0.00142 0.96164
36884.677669 7.40920 -0.32921 22.95918 0.00095 0.27518 0.00299 0.96139
36884.687673 7.44839 -0.35803 23.02928 0.00071 0.27551 0.00308 0.96129
36884.697655 7.50243 -0.36017 23.07562 0.00058 0.27659 0.00335 0.96098
36884.707728 7.54320 -0.35658 23.15024 0.00100 0.27748 0.00310 0.96073
36884.717706 7.63699 -0.35000 23.26799 0.00048 0.27856 0.00136 0.96042
36884.727708 7.71062 -0.32299 23.39991 0.00135 0.27957 0.00207 0.96012
36884.737657 7.71127 -0.33214 23.40928 0.00157 0.28035 0.00319 0.95989
36884.767478 7.84448 -0.35808 23.57484 0.00122 0.28299 0.00343 0.95912
36884.777541 7.91562 -0.36366 23.70829 0.00100 0.28440 0.00256 0.95870
36884.787606 8.00065 -0.33685 23.82828 0.00073 0.28508 0.00179 0.95850
36884.797671 8.04308 -0.34059 23.85741 0.00093 0.28603 0.00225 0.95822
36884.827470 8.17196 -0.36778 23.99493 0.00115 0.28883 0.00312 0.95738
36884.837536 8.23466 -0.35062 24.13838 0.00138 0.28954 0.00257 0.95716
36884.847602 8.24434 -0.35958 24.15558 0.00103 0.29064 0.00347 0.95682
36884.857666 8.36870 -0.37090 24.30289 0.00108 0.29147 0.00280 0.95657
36884.887483 8.45176 -0.37484 24.40797 0.00134 0.29388 0.00445 0.95583
36884.897545 8.52310 -0.38639 24.47769 0.00135 0.29479 0.00506 0.95555
36884.907610 8.63538 -0.37034 24.63161 0.00105 0.29562 0.00473 0.95529
36884.917675 8.66887 -0.37695 24.70945 0.00140 0.29648 0.00351 0.95503
36884.927340 8.73402 -0.35550 24.78536 0.00196 0.29758 0.00349 0.95469
36884.937402 8.80564 -0.36507 24.86477 0.00199 0.29787 0.00414 0.95460
36884.947467 8.80649 -0.37610 24.87733 0.00154 0.29896 0.00370 0.95426
36884.957534 8.86497 -0.38164 24.95616 0.00153 0.30054 0.00315 0.95376
36884.967602 8.89818 -0.38273 25.00076 0.00165 0.30136 0.00384 0.95350
36884.977668 9.00937 -0.37179 25.13393 0.00205 0.30253 0.00502 0.95312
36885.007467 9.13494 -0.41674 25.23683 0.00230 0.30414 0.00499 0.95261
36885.017531 9.24680 -0.40699 25.41797 0.00217 0.30501 0.00535 0.95233
36885.027634 9.25901 -0.39641 25.44269 0.00255 0.30656 0.00423 0.95184
36885.037707 9.33609 -0.37008 25.52513 0.00339 0.30698 0.00460 0.95170
36885.047423 9.39646 -0.37224 25.63190 0.00329 0.30825 0.00534 0.95128
36885.057645 9.46271 -0.38903 25.72029 0.00324 0.30903 0.00483 0.95103
36885.067713 9.50607 -0.37556 25.78805 0.00347 0.31033 0.00507 0.95061
36885.077420 9.56159 -0.39689 25.86701 0.00374 0.31070 0.00609 0.95048
36885.087675 9.61877 -0.39067 25.89875 0.00360 0.31129 0.00516 0.95029
36885.097391 9.70321 -0.39721 26.02026 0.00344 0.31235 0.00533 0.94995
36885.107654 9.78591 -0.38870 26.11670 0.00390 0.31320 0.00542 0.94966
36885.127440 9.91110 -0.39780 26.24679 0.00378 0.31453 0.00483 0.94923
36885.137709 9.92628 -0.39857 26.27914 0.00431 0.31545 0.00575 0.94892
36885.147420 10.02892 -0.39989 26.41763 0.00472 0.31584 0.00632 0.94878
36885.157685 10.08129 -0.40322 26.46227 0.00482 0.31679 0.00625 0.94846
36885.177619 10.21612 -0.39966 26.61818 0.00481 0.31834 0.00629 0.94794
36885.187683 10.22008 -0.39236 26.67081 0.00481 0.31937 0.00504 0.94760
36885.207654 10.37811 -0.40010 26.80041 0.00534 0.32051 0.00676 0.94721
36885.217727 10.42879 -0.41046 26.87533 0.00494 0.32169 0.00585 0.94681
36885.227629 10.49263 -0.40238 26.99065 0.00561 0.32239 0.00587 0.94657
36885.237694 10.57313 -0.41303 27.06676 0.00504 0.32293 0.00604 0.94639
36885.257677 10.71713 -0.40960 27.24986 0.00547 0.32432 0.00755 0.94590
36885.267609 10.75310 -0.40724 27.25987 0.00531 0.32481 0.00787 0.94573
36885.277673 10.82647 -0.41282 27.34240 0.00530 0.32569 0.00777 0.94543
36885.287625 10.86971 -0.42183 27.39883 0.00513 0.32636 0.00640 0.94521
36885.297688 10.94195 -0.43018 27.47573 0.00534 0.32692 0.00811 0.94500
36885.307636 10.97875 -0.42479 27.54200 0.00510 0.32775 0.00791 0.94472
36885.317713 11.04146 -0.42551 27.61672 0.00506 0.32865 0.00793 0.94440
36885.327667 11.11431 -0.41081 27.72721 0.00571 0.32901 0.00867 0.94427
36885.347665 11.23681 -0.42229 27.83031 0.00502 0.32999 0.00818 0.94394
36885.357615 11.32610 -0.43036 27.96469 0.00492 0.33106 0.00849 0.94356
36885.367680 11.38513 -0.42234 28.02704 0.00519 0.33179 0.00934 0.94329
36885.377641 11.46397 -0.42209 28.09162 0.00433 0.33229 0.00842 0.94313
36885.387735 11.51900 -0.42517 28.17156 0.00434 0.33314 0.00770 0.94284
36885.397644 11.54658 -0.42539 28.22483 0.00427 0.33357 0.00886 0.94267
36885.407714 11.59450 -0.42273 28.28843 0.00483 0.33438 0.00980 0.94237
36885.417672 11.71992 -0.41043 28.42782 0.00419 0.33502 0.00965 0.94215
36885.427635 11.78439 -0.42151 28.52232 0.00425 0.33549 0.00980 0.94198
36885.437197 11.79829 -0.42252 28.49473 0.00430 0.33543 0.01028 0.94200
36885.447676 11.88448 -0.41672 28.58105 0.00394 0.33632 0.01003 0.94169
36885.457648 11.96304 -0.42317 28.64951 0.00392 0.33646 0.01008 0.94163
36885.477641 12.08003 -0.44225 28.77997 0.00327 0.33785 0.01012 0.94114
36885.497629 12.21457 -0.46086 28.92986 0.00252 0.33903 0.01059 0.94071
36885.507693 12.28905 -0.45048 29.02862 0.00242 0.33986 0.00947 0.94042
36885.517632 12.33134 -0.44000 29.08699 0.00276 0.34023 0.00928 0.94029
36885.527703 12.43864 -0.44480 29.21801 0.00237 0.34044 0.01072 0.94020
36885.537661 12.48131 -0.43746 29.24805 0.00280 0.34097 0.01132 0.94000
36885.547663 12.57188 -0.42205 29.34936 0.00318 0.34129 0.01130 0.93988
36885.567637 12.67332 -0.44076 29.50021 0.00204 0.34269 0.01054 0.93939
36885.577708 12.73990 -0.44156 29.56962 0.00245 0.34301 0.01064 0.93927
36885.597676 12.89647 -0.44159 29.70834 0.00174 0.34355 0.01067 0.93907
36885.617648 13.02331 -0.45641 29.86915 0.00203 0.34495 0.01103 0.93855
36885.627612 13.06754 -0.42431 29.91251 0.00197 0.34487 0.01152 0.93858
36885.637675 13.13892 -0.44171 30.01191 0.00186 0.34579 0.01130 0.93824
36885.647308 13.19295 -0.43806 30.06808 0.00142 0.34607 0.01099 0.93814
36885.657294 13.24329 -0.43649 30.12815 0.00176 0.34650 0.01152 0.93798
36885.667660 13.31451 -0.44505 30.19545 0.00129 0.34702 0.01056 0.93780
36885.677734 13.37003 -0.43664 30.25237 0.00150 0.34740 0.01107 0.93765
36885.687630 13.47411 -0.43380 30.38792 0.00125 0.34768 0.01064 0.93755
36885.697693 13.51217 -0.43698 30.40216 0.00154 0.34810 0.01178 0.93738
36885.717673 13.66478 -0.44897 30.57571 0.00108 0.34896 0.01134 0.93707
36885.727629 13.69752 -0.44691 30.61384 0.00112 0.34888 0.01120 0.93710
36885.737692 13.76004 -0.44679 30.68849 0.00124 0.34955 0.01056 0.93686
36885.747618 13.84057 -0.43543 30.74681 0.00161 0.34948 0.01153 0.93687
36885.757679 13.89840 -0.46183 30.80879 0.00073 0.34999 0.01082 0.93669
36885.777626 14.00156 -0.46860 30.93506 0.00077 0.35081 0.01229 0.93637
36885.787690 14.10209 -0.46105 31.04453 0.00091 0.35086 0.01200 0.93635
36885.797224 14.15755 -0.45684 31.10992 0.00134 0.35112 0.01108 0.93627
36885.807706 14.24705 -0.45235 31.19990 0.00136 0.35179 0.01091 0.93602
36885.817660 14.25267 -0.45872 31.21960 0.00133 0.35204 0.01055 0.93592
36885.827231 14.34097 -0.45201 31.31395 0.00174 0.35235 0.01111 0.93580
36885.837630 14.39292 -0.45566 31.35916 0.00118 0.35286 0.01078 0.93561
36885.857651 14.54618 -0.46463 31.52405 0.00159 0.35329 0.01123 0.93544
36885.877622 14.64147 -0.47202 31.65473 0.00195 0.35377 0.01172 0.93526
36885.887687 14.73982 -0.45726 31.75066 0.00197 0.35409 0.01121 0.93514
36885.917670 14.90010 -0.45798 31.93646 0.00188 0.35509 0.00979 0.93478
36885.927657 14.96779 -0.45718 32.00115 0.00210 0.35501 0.01116 0.93480
36885.947663 15.11707 -0.47083 32.16503 0.00250 0.35584 0.01127 0.93447
36885.957229 15.16180 -0.47441 32.23639 0.00211 0.35609 0.01006 0.93439
36885.977653 15.29880 -0.46135 32.37924 0.00222 0.35646 0.01106 0.93424
36885.997459 15.43226 -0.47510 32.50447 0.00265 0.35660 0.01152 0.93418
36886.007613 15.48678 -0.46313 32.57298 0.00298 0.35692 0.01177 0.93406
36886.017679 15.56509 -0.47611 32.63698 0.00272 0.35727 0.01127 0.93393
36886.027640 15.61697 -0.47963 32.72012 0.00306 0.35757 0.01171 0.93381
36886.037709 15.72151 -0.46303 32.81352 0.00251 0.35751 0.01201 0.93383
36886.047647 15.77889 -0.48441 32.86638 0.00223 0.35791 0.01154 0.93368
36886.057217 15.81604 -0.47380 32.94058 0.00290 0.35808 0.01190 0.93361
36886.067661 15.88676 -0.47811 33.01299 0.00309 0.35828 0.01214 0.93353
36886.077231 15.93542 -0.47331 33.04477 0.00316 0.35826 0.01135 0.93355
36886.087422 15.98836 -0.47919 33.11977 0.00331 0.35894 0.01120 0.93329
36886.107691 16.09599 -0.48571 33.25147 0.00298 0.35971 0.01084 0.93300
36886.117405 16.17354 -0.48078 33.30726 0.00318 0.35900 0.01209 0.93325
36886.127469 16.22051 -0.46990 33.38530 0.00330 0.35970 0.01206 0.93298
36886.137659 16.29125 -0.48707 33.47264 0.00358 0.35974 0.01178 0.93297
36886.147223 16.34830 -0.47993 33.49496 0.00358 0.36016 0.01165 0.93281
36886.157678 16.40890 -0.48740 33.56709 0.00349 0.36051 0.01192 0.93267
36886.167403 16.45596 -0.49366 33.59995 0.00346 0.36010 0.01198 0.93283
36886.177466 16.47775 -0.51485 33.61235 0.00339 0.36069 0.01300 0.93259
36886.187535 16.53934 -0.49008 33.67195 0.00331 0.36121 0.01268 0.93239
36886.197601 16.64267 -0.50065 33.74798 0.00356 0.36074 0.01227 0.93258
36886.207673 16.74898 -0.49855 33.88713 0.00352 0.36096 0.01234 0.93249
36886.227428 16.81038 -0.49995 33.96777 0.00455 0.36161 0.01452 0.93220
36886.237493 16.87315 -0.51273 34.04918 0.00428 0.36180 0.01435 0.93214
36886.247557 16.94319 -0.50697 34.10994 0.00441 0.36216 0.01336 0.93201
36886.267637 17.07185 -0.50359 34.25175 0.00528 0.36274 0.01436 0.93176
36886.277712 17.14841 -0.50258 34.33251 0.00572 0.36276 0.01435 0.93175
36886.287399 17.22804 -0.50152 34.41093 0.00540 0.36265 0.01463 0.93179
36886.297648 17.31307 -0.49482 34.51387 0.00534 0.36270 0.01386 0.93179
36886.307720 17.36865 -0.50446 34.58763 0.00599 0.36343 0.01503 0.93148
36886.317664 17.43431 -0.50791 34.61962 0.00632 0.36347 0.01417 0.93148
36886.327230 17.48328 -0.51310 34.66322 0.00612 0.36363 0.01479 0.93141
36886.337713 17.57971 -0.51344 34.78319 0.00656 0.36387 0.01493 0.93131
36886.357653 17.70168 -0.51148 34.89528 0.00654 0.36443 0.01465 0.93109
36886.367223 17.76247 -0.51724 34.94314 0.00656 0.36454 0.01488 0.93105
36886.377629 17.81029 -0.51575 35.01725 0.00707 0.36475 0.01409 0.93097
36886.387693 17.88155 -0.52247 35.10316 0.00690 0.36531 0.01350 0.93076
36886.397644 17.94772 -0.52365 35.15682 0.00712 0.36539 0.01349 0.93073
36886.407718 18.04804 -0.50355 35.26689 0.00725 0.36561 0.01496 0.93062
36886.417618 18.08108 -0.52631 35.31453 0.00790 0.36571 0.01507 0.93057
36886.427683 18.16514 -0.52916 35.37126 0.00754 0.36588 0.01458 0.93052
36886.447646 18.31241 -0.51494 35.53253 0.00825 0.36632 0.01525 0.93033
36886.457719 18.40571 -0.53066 35.63159 0.00787 0.36694 0.01462 0.93010
36886.467280 18.42286 -0.51245 35.65792 0.00837 0.36685 0.01507 0.93012
36886.477310 18.51551 -0.52234 35.76320 0.00823 0.36726 0.01455 0.92997
36886.497638 18.65709 -0.52924 35.91669 0.00863 0.36765 0.01453 0.92981
36886.507709 18.74054 -0.52884 36.01180 0.00889 0.36787 0.01541 0.92971
36886.527666 18.85618 -0.52422 36.12071 0.00909 0.36846 0.01584 0.92947
36886.537641 18.94182 -0.52463 36.19724 0.00933 0.36839 0.01551 0.92949
36886.547713 19.01631 -0.52579 36.27818 0.00983 0.36889 0.01623 0.92928
36886.567639 19.13328 -0.53242 36.37335 0.00925 0.36934 0.01561 0.92912
36886.577626 19.20979 -0.53131 36.47628 0.00970 0.36938 0.01681 0.92908
36886.587689 19.29715 -0.53975 36.57121 0.00872 0.36985 0.01595 0.92891
36886.597660 19.36264 -0.52941 36.63196 0.00913 0.37000 0.01685 0.92884
36886.607732 19.44719 -0.53485 36.70977 0.00939 0.37007 0.01692 0.92880
36886.617690 19.50126 -0.52716 36.74567 0.00943 0.37032 0.01609 0.92872
36886.627662 19.57517 -0.52829 36.84550 0.00967 0.37059 0.01728 0.92859
36886.637647 19.61290 -0.53615 36.90981 0.00901 0.37138 0.01663 0.92829
36886.647283 19.67044 -0.54333 36.98392 0.00964 0.37144 0.01707 0.92825
36886.657666 19.77470 -0.53612 37.07179 0.00946 0.37156 0.01598 0.92822
36886.667284 19.80156 -0.52095 37.06304 0.00953 0.37124 0.01680 0.92834
36886.687304 19.76820 -0.56105 37.00142 0.00912 0.37124 0.01636 0.92835
36886.697629 19.87488 -0.56769 37.16161 0.00920 0.37261 0.01852 0.92776
36886.707222 20.02846 -0.56509 37.33591 0.00875 0.37351 0.01833 0.92740
36886.717338 20.19044 -0.54930 37.50503 0.00927 0.37323 0.01700 0.92754
36886.737697 20.31147 -0.53698 37.64743 0.00979 0.37413 0.01688 0.92717
36886.747281 20.34634 -0.53256 37.70604 0.00960 0.37466 0.01722 0.92695
36886.757632 20.38851 -0.52685 37.79225 0.00963 0.37538 0.01749 0.92666
36886.767693 20.50527 -0.54882 37.84457 0.00936 0.37507 0.01738 0.92679
36886.777720 20.55517 -0.55154 37.88889 0.00953 0.37513 0.01722 0.92676
36886.787641 20.70224 -0.55963 38.02007 0.00957 0.37533 0.01770 0.92667
36886.797231 20.75689 -0.55228 38.06136 0.00987 0.37559 0.01820 0.92656
36886.807415 20.84650 -0.54706 38.16477 0.00969 0.37569 0.01766 0.92653
36886.817733 20.83527 -0.55114 38.16599 0.00975 0.37590 0.01725 0.92645
36886.827712 20.88156 -0.54812 38.23244 0.00978 0.37651 0.01750 0.92620
36886.837281 20.98206 -0.55781 38.31323 0.00952 0.37640 0.01710 0.92625
36886.847713 21.01425 -0.55381 38.36730 0.00996 0.37710 0.01766 0.92595
36886.857357 21.13854 -0.55222 38.48350 0.00963 0.37742 0.01704 0.92584
36886.867723 21.20135 -0.55208 38.55094 0.00979 0.37753 0.01770 0.92578
36886.877285 21.23433 -0.55727 38.57984 0.00950 0.37784 0.01721 0.92566
36886.887689 21.32511 -0.55758 38.68275 0.00974 0.37808 0.01815 0.92554
36886.897648 21.41029 -0.55984 38.74690 0.00968 0.37842 0.01798 0.92541
36886.907340 21.47897 -0.55483 38.81499 0.00966 0.37886 0.01754 0.92524
36886.917730 21.53429 -0.56497 38.88599 0.00945 0.37900 0.01780 0.92518
36886.927295 21.58893 -0.54829 38.94772 0.00973 0.37914 0.01784 0.92512
36886.937653 21.66569 -0.56727 39.00130 0.00937 0.37951 0.01804 0.92496
36886.947726 21.75192 -0.57239 39.09368 0.00952 0.37979 0.01809 0.92484
36886.957614 21.80345 -0.56118 39.15067 0.00917 0.38022 0.01807 0.92467
36886.967720 21.88369 -0.57534 39.23124 0.00921 0.38039 0.01823 0.92460
36886.977345 21.93281 -0.55766 39.30250 0.00930 0.38069 0.01825 0.92448
36886.997625 22.04217 -0.56190 39.44142 0.00878 0.38138 0.01783 0.92421
36887.007686 22.13493 -0.57370 39.52334 0.00899 0.38169 0.01853 0.92406
36887.017259 22.25268 -0.56399 39.61355 0.00881 0.38171 0.01802 0.92406
36887.027652 22.27377 -0.58204 39.64898 0.00904 0.38219 0.01855 0.92385
36887.037323 22.37187 -0.57387 39.73652 0.00920 0.38231 0.01909 0.92379
36887.047688 22.43120 -0.58302 39.79965 0.00887 0.38241 0.01901 0.92376
36887.057608 22.50073 -0.57642 39.87153 0.00909 0.38316 0.01904 0.92344
36887.067672 22.62263 -0.56573 39.99291 0.00891 0.38304 0.01900 0.92349
36887.077239 22.63138 -0.57471 40.02146 0.00847 0.38360 0.01850 0.92328
36887.087669 22.70705 -0.58528 40.10061 0.00845 0.38386 0.01907 0.92316
36887.107658 22.84799 -0.57264 40.24597 0.00873 0.38465 0.01969 0.92281
36887.117621 22.98173 -0.58101 40.36840 0.00885 0.38480 0.01891 0.92277
36887.127688 23.00128 -0.58404 40.37862 0.00866 0.38502 0.01932 0.92266
36887.137624 23.09111 -0.58666 40.44860 0.00850 0.38496 0.01916 0.92270
36887.147690 23.12982 -0.58999 40.51732 0.00814 0.38535 0.01991 0.92252
36887.167326 23.33810 -0.58433 40.70662 0.00838 0.38618 0.01967 0.92218
36887.177673 23.38704 -0.58404 40.75152 0.00842 0.38617 0.01984 0.92217
36887.197708 23.52140 -0.58671 40.90265 0.00797 0.38695 0.01981 0.92185
36887.207347 23.65950 -0.59541 41.01186 0.00779 0.38674 0.01948 0.92195
36887.227663 23.76210 -0.60339 41.11006 0.00758 0.38747 0.02028 0.92163
36887.257306 23.99921 -0.58685 41.34087 0.00769 0.38847 0.02076 0.92119
36887.267618 24.06409 -0.58838 41.44579 0.00780 0.38863 0.02084 0.92113
36887.277679 24.16938 -0.59366 41.51277 0.00694 0.38885 0.02092 0.92104
36887.287317 24.23423 -0.58280 41.57201 0.00697 0.38926 0.02063 0.92087
36887.307660 24.38273 -0.60095 41.73000 0.00626 0.38976 0.02031 0.92067
36887.317731 24.43464 -0.58710 41.80058 0.00657 0.39020 0.02188 0.92045
36887.327730 24.51273 -0.59367 41.86815 0.00597 0.39019 0.02117 0.92047
36887.337615 24.59254 -0.59536 41.93952 0.00626 0.39058 0.02153 0.92029
36887.347680 24.65327 -0.58224 41.99139 0.00622 0.39083 0.02129 0.92020
36887.357639 24.74940 -0.59933 42.10130 0.00613 0.39108 0.02248 0.92006
36887.367336 24.87369 -0.60614 42.20454 0.00505 0.39146 0.02102 0.91994
36887.387641 24.96495 -0.59423 42.31157 0.00564 0.39175 0.02095 0.91982
36887.397713 25.03281 -0.60740 42.36675 0.00528 0.39217 0.02222 0.91961
36887.427661 25.23806 -0.62107 42.55140 0.00496 0.39273 0.02186 0.91938
36887.447210 25.43128 -0.62242 42.73634 0.00469 0.39319 0.02112 0.91920
36887.457607 25.52505 -0.62260 42.81801 0.00434 0.39351 0.02154 0.91906
36887.467672 25.61539 -0.60155 42.91851 0.00470 0.39349 0.02170 0.91906
36887.477338 25.64897 -0.60786 42.96982 0.00441 0.39421 0.02195 0.91875
36887.487323 25.74915 -0.61248 43.03725 0.00436 0.39450 0.02292 0.91860
36887.497646 25.81574 -0.61496 43.10873 0.00445 0.39449 0.02291 0.91860
36887.507717 25.89999 -0.62729 43.18782 0.00442 0.39479 0.02295 0.91847
36887.517345 26.00027 -0.60349 43.28268 0.00481 0.39491 0.02250 0.91843
36887.527279 25.98854 -0.62076 43.30874 0.00459 0.39528 0.02321 0.91826
36887.537704 26.07941 -0.61518 43.37483 0.00481 0.39552 0.02355 0.91814
36887.547672 26.17059 -0.61779 43.47099 0.00487 0.39588 0.02300 0.91800
36887.567639 26.28718 -0.63452 43.60208 0.00433 0.39642 0.02311 0.91777
36887.577711 26.36811 -0.61629 43.66939 0.00459 0.39632 0.02339 0.91780
36887.587382 26.43869 -0.61305 43.74042 0.00491 0.39679 0.02303 0.91761
36887.597230 26.50828 -0.61307 43.80470 0.00441 0.39702 0.02303 0.91751
36887.607715 26.59812 -0.61835 43.89476 0.00442 0.39724 0.02247 0.91743
36887.627672 26.73912 -0.61213 44.01457 0.00480 0.39700 0.02393 0.91749
36887.647677 26.88545 -0.62877 44.14645 0.00486 0.39773 0.02471 0.91716
36887.657241 26.95920 -0.64578 44.23765 0.00472 0.39789 0.02511 0.91708
36887.667736 27.01847 -0.62978 44.27513 0.00467 0.39834 0.02384 0.91692
36887.677294 27.10044 -0.62141 44.35389 0.00548 0.39831 0.02468 0.91690
36887.697312 27.29035 -0.63057 44.55309 0.00576 0.39878 0.02526 0.91668
36887.717263 27.41375 -0.65604 44.68959 0.00562 0.39967 0.02558 0.91628
36887.727340 27.43184 -0.64020 44.72188 0.00515 0.39969 0.02551 0.91628
36887.737615 27.58242 -0.63847 44.82524 0.00561 0.39959 0.02509 0.91633
36887.747679 27.66619 -0.63256 44.89387 0.00491 0.39938 0.02488 0.91644
36887.757627 27.76839 -0.62672 44.98788 0.00586 0.39983 0.02534 0.91622
36887.767706 27.80237 -0.63517 45.02355 0.00592 0.39984 0.02532 0.91622
36887.787614 27.95487 -0.63495 45.15442 0.00566 0.40012 0.02521 0.91610
36887.797679 27.98571 -0.63396 45.23250 0.00547 0.40056 0.02619 0.91588
36887.807353 28.07820 -0.64789 45.30569 0.00536 0.40083 0.02572 0.91578
36887.817505 28.16447 -0.63444 45.39422 0.00532 0.40124 0.02564 0.91560
36887.827615 28.20395 -0.63161 45.41757 0.00590 0.40074 0.02550 0.91582
36887.837679 28.31229 -0.63492 45.53274 0.00581 0.40124 0.02581 0.91559
36887.847325 28.38717 -0.61606 45.57970 0.00542 0.40114 0.02559 0.91565
36887.857486 28.47660 -0.65101 45.65703 0.00540 0.40127 0.02595 0.91557
36887.867687 28.56141 -0.63704 45.76338 0.00531 0.40159 0.02664 0.91542
36887.877636 28.62197 -0.62898 45.82242 0.00535 0.40215 0.02600 0.91519
36887.887706 28.66556 -0.61477 45.84011 0.00570 0.40186 0.02576 0.91532
36887.897400 28.74995 -0.62320 45.93991 0.00534 0.40199 0.02590 0.91526
36887.917645 28.91697 -0.65697 46.09386 0.00447 0.40232 0.02575 0.91513
36887.927720 28.94456 -0.62903 46.15444 0.00461 0.40260 0.02636 0.91499
36887.937327 29.04499 -0.61639 46.24038 0.00465 0.40285 0.02631 0.91487
36887.947280 29.11668 -0.62731 46.30231 0.00521 0.40263 0.02718 0.91495
36887.957693 29.22870 -0.63708 46.40519 0.00482 0.40270 0.02695 0.91492
36887.967390 29.33638 -0.64122 46.49550 0.00438 0.40283 0.02713 0.91486
36887.987640 29.42122 -0.65400 46.58469 0.00425 0.40329 0.02690 0.91467
36887.997709 29.51601 -0.64058 46.70988 0.00435 0.40394 0.02641 0.91439
36888.007663 29.58619 -0.66188 46.76107 0.00400 0.40350 0.02697 0.91457
36888.027431 29.72954 -0.66385 46.88731 0.00405 0.40335 0.02777 0.91462
36888.037492 29.81904 -0.65155 46.96269 0.00472 0.40356 0.02678 0.91455
36888.057641 29.98398 -0.63107 47.12766 0.00431 0.40383 0.02579 0.91446
36888.067715 30.06945 -0.62215 47.21012 0.00446 0.40404 0.02566 0.91437
36888.077648 30.10454 -0.63304 47.24578 0.00409 0.40412 0.02609 0.91432
36888.087720 30.15904 -0.66041 47.30041 0.00388 0.40385 0.02686 0.91442
36888.107637 30.34148 -0.66237 47.47251 0.00421 0.40426 0.02772 0.91422
36888.117709 30.42815 -0.66961 47.55259 0.00403 0.40447 0.02693 0.91414
36888.127406 30.43490 -0.66679 47.58602 0.00403 0.40483 0.02649 0.91400
36888.147631 30.51682 -0.67164 47.68635 0.00388 0.40520 0.02741 0.91381
36888.157697 30.63706 -0.67785 47.81204 0.00356 0.40487 0.02714 0.91396
36888.167210 30.74296 -0.68933 47.88215 0.00372 0.40501 0.02774 0.91388
36888.177414 30.82029 -0.66873 47.93529 0.00400 0.40481 0.02773 0.91397
36888.207622 31.02329 -0.69721 48.14762 0.00336 0.40512 0.02688 0.91386
36888.217688 31.22647 -0.66848 48.29310 0.00385 0.40506 0.02708 0.91388
36888.227411 31.26482 -0.65787 48.33639 0.00411 0.40520 0.02703 0.91382
36888.237733 31.29029 -0.68730 48.38814 0.00356 0.40550 0.02686 0.91369
36888.247641 31.39965 -0.66291 48.47495 0.00369 0.40539 0.02618 0.91376
36888.257211 31.48920 -0.64764 48.56655 0.00457 0.40538 0.02717 0.91374
36888.267435 31.54726 -0.67124 48.61263 0.00362 0.40548 0.02685 0.91370
36888.287671 31.70542 -0.68341 48.75755 0.00316 0.40564 0.02608 0.91366
36888.307463 31.85870 -0.66015 48.91050 0.00346 0.40579 0.02644 0.91358
36888.317645 31.92398 -0.66740 48.96324 0.00395 0.40589 0.02742 0.91350
36888.327719 32.01744 -0.66378 49.05365 0.00287 0.40597 0.02620 0.91351
36888.337631 32.08857 -0.66737 49.12175 0.00336 0.40596 0.02634 0.91351
36888.347693 32.17719 -0.68692 49.18740 0.00363 0.40601 0.02783 0.91344
36888.357415 32.24877 -0.64190 49.25726 0.00361 0.40599 0.02654 0.91349
36888.367479 32.28975 -0.66722 49.30907 0.00335 0.40624 0.02639 0.91338
36888.387673 32.42868 -0.68487 49.43698 0.00358 0.40608 0.02757 0.91341
36888.397621 32.56064 -0.66404 49.54468 0.00335 0.40599 0.02610 0.91350
36888.407690 32.62689 -0.67241 49.61150 0.00320 0.40589 0.02689 0.91352
36888.437666 32.80189 -0.69909 49.78757 0.00332 0.40614 0.02698 0.91341
36888.447343 32.89532 -0.70002 49.87788 0.00271 0.40653 0.02686 0.91324
36888.457441 32.98338 -0.68875 49.95767 0.00307 0.40670 0.02732 0.91315
36888.477685 33.14517 -0.69605 50.11757 0.00294 0.40666 0.02616 0.91320
36888.507234 33.26882 -0.73584 50.28316 0.00310 0.40733 0.02723 0.91287
36888.517686 33.37942 -0.71200 50.35373 0.00274 0.40716 0.02646 0.91297
36888.537667 33.54782 -0.71124 50.52384 0.00242 0.40766 0.02635 0.91275
36888.547327 33.65615 -0.69338 50.60680 0.00334 0.40757 0.02629 0.91279
36888.557629 33.76157 -0.68648 50.69302 0.00375 0.40726 0.02529 0.91295
36888.567692 33.78336 -0.67808 50.72529 0.00362 0.40747 0.02533 0.91286
36888.577371 33.86793 -0.70927 50.81023 0.00351 0.40792 0.02649 0.91263
36888.587636 33.92584 -0.69165 50.85128 0.00376 0.40750 0.02645 0.91281
36888.597707 34.04450 -0.71572 50.92839 0.00264 0.40759 0.02623 0.91279
36888.607680 34.12317 -0.71651 51.03655 0.00343 0.40765 0.02598 0.91276
36888.617647 34.16355 -0.71697 51.07296 0.00282 0.40781 0.02660 0.91267
36888.627633 34.25404 -0.72498 51.15084 0.00255 0.40779 0.02647 0.91269
36888.637705 34.34958 -0.70525 51.23323 0.00306 0.40798 0.02665 0.91260
36888.647194 34.43641 -0.69924 51.30524 0.00281 0.40778 0.02557 0.91272
36888.657694 34.48918 -0.72931 51.36440 0.00232 0.40811 0.02715 0.91253
36888.667407 34.55112 -0.74114 51.43611 0.00167 0.40821 0.02640 0.91250
36888.677472 34.68053 -0.72782 51.54608 0.00228 0.40817 0.02641 0.91252
36888.697676 34.82882 -0.72228 51.69047 0.00231 0.40877 0.02606 0.91226
36888.707402 34.86417 -0.72421 51.71002 0.00187 0.40895 0.02588 0.91219
36888.717466 34.92206 -0.73016 51.79747 0.00184 0.40907 0.02599 0.91213
36888.737612 35.06361 -0.75266 51.91244 0.00114 0.40907 0.02604 0.91213
36888.747679 35.16646 -0.75056 52.03305 0.00102 0.40913 0.02638 0.91209
36888.757406 35.14681 -0.75145 52.02745 0.00085 0.40948 0.02628 0.91194
36888.767471 35.27958 -0.73922 52.15476 0.00131 0.40986 0.02622 0.91177
36888.777693 35.34377 -0.75050 52.20723 0.00125 0.40933 0.02742 0.91197
36888.787345 35.44547 -0.75530 52.27788 0.00070 0.40964 0.02707 0.91185
36888.797619 35.55392 -0.75594 52.38105 0.00016 0.40999 0.02623 0.91171
36888.807686 35.53877 -0.78387 52.43053 0.00011 0.41049 0.02689 0.91147
36888.827667 35.70196 -0.77342 52.55795 -0.00025 0.41046 0.02646 0.91149
36888.847659 35.76780 -0.74852 52.61431 0.00072 0.41110 0.02636 0.91121
36888.867437 35.77795 -0.79753 52.66475 -0.00090 0.41171 0.02697 0.91092
36888.877626 35.83963 -0.81425 52.72055 -0.00123 0.41196 0.02844 0.91076
36888.887691 35.81149 -0.77207 52.72367 -0.00166 0.41334 0.02904 0.91011
36888.907688 35.74681 -0.78211 52.71250 -0.00158 0.41494 0.02948 0.90937
36888.917389 35.70252 -0.79624 52.74239 -0.00177 0.41648 0.02738 0.90873
36888.927630 35.68317 -0.84370 52.79529 -0.00162 0.41730 0.02682 0.90837
36888.937692 35.57571 -0.85699 52.74564 -0.00272 0.41840 0.02558 0.90790
36888.947285 35.52535 -0.86914 52.74454 -0.00396 0.41931 0.02596 0.90747
36888.957721 35.51260 -0.86450 52.74067 -0.00464 0.41987 0.02629 0.90719
36888.967418 35.61190 -0.85868 52.80328 -0.00380 0.41916 0.02824 0.90746
36888.977483 35.67572 -0.87057 52.84781 -0.00368 0.41897 0.02895 0.90753
36888.987716 35.78233 -0.85428 52.92043 -0.00406 0.41946 0.03095 0.90724
36888.997385 35.76988 -0.84866 52.92106 -0.00422 0.42043 0.02996 0.90682
36889.007458 35.81624 -0.84267 52.90592 -0.00426 0.42076 0.02962 0.90668
36889.017522 35.87750 -0.84825 52.94767 -0.00434 0.41956 0.02912 0.90725
36889.027684 35.85174 -0.82070 52.94461 -0.00381 0.41873 0.03431 0.90745
36889.037353 35.82926 -0.77507 52.92928 -0.00317 0.41818 0.03695 0.90761
36889.047445 35.79772 -0.75353 52.90636 -0.00442 0.41846 0.03741 0.90745
36889.057511 35.82956 -0.70697 52.92411 -0.00366 0.41883 0.04091 0.90714
36889.067686 35.80190 -0.65845 52.92371 -0.00371 0.41962 0.04107 0.90676
36889.077641 35.80448 -0.67419 52.97534 -0.00299 0.41982 0.04176 0.90664
36889.087724 35.76342 -0.67460 52.98176 -0.00433 0.42063 0.04201 0.90625
36889.097669 35.70560 -0.64199 52.98005 -0.00243 0.42055 0.04430 0.90618
36889.107652 35.71841 -0.60299 52.97231 -0.00350 0.42145 0.04476 0.90574
36889.117614 35.79888 -0.59552 53.03668 -0.00137 0.42120 0.04552 0.90582
36889.127679 35.83032 -0.59323 53.05886 -0.00292 0.42106 0.04529 0.90590
36889.137669 35.90990 -0.57970 53.08878 -0.00289 0.42061 0.04411 0.90616
36889.147629 35.97972 -0.58595 53.12411 -0.00331 0.42081 0.04570 0.90599
36889.157692 35.99247 -0.54897 53.08450 -0.00300 0.42174 0.04529 0.90558
36889.167446 35.99227 -0.55360 53.07857 -0.00383 0.42228 0.04586 0.90530
36889.177706 36.03131 -0.57738 53.09090 -0.00462 0.42187 0.04543 0.90551
36889.187687 36.07500 -0.58295 53.12497 -0.00504 0.42209 0.04656 0.90535
36889.207441 36.05955 -0.58043 53.10277 -0.00649 0.42242 0.04679 0.90517
36889.217623 36.07521 -0.58358 53.10793 -0.00452 0.42222 0.04889 0.90516
36889.227688 36.10985 -0.58051 53.07694 -0.00490 0.42261 0.04948 0.90495
36889.247646 36.08149 -0.60045 53.07490 -0.00475 0.42275 0.05016 0.90484
36889.257717 36.07361 -0.65104 53.08787 -0.00522 0.42349 0.04902 0.90456
36889.267636 36.10142 -0.68028 53.13525 -0.00628 0.42413 0.05185 0.90410
36889.277705 36.13563 -0.66396 53.19295 -0.00816 0.42422 0.05160 0.90405
36889.287428 36.18573 -0.64477 53.19556 -0.00781 0.42294 0.05236 0.90461
36889.297677 36.20010 -0.67823 53.23071 -0.00691 0.42382 0.05339 0.90414
36889.317461 36.24044 -0.66012 53.26772 -0.00832 0.42372 0.05254 0.90423
36889.327660 36.21484 -0.67624 53.26150 -0.00901 0.42372 0.05175 0.90427
36889.347645 36.14186 -0.69372 53.26087 -0.00735 0.42287 0.05462 0.90451
36889.357720 36.12389 -0.73931 53.25066 -0.00804 0.42163 0.05410 0.90511
36889.367419 36.10393 -0.73078 53.23505 -0.00935 0.42155 0.05433 0.90513
36889.377657 36.10245 -0.77608 53.25703 -0.00816 0.42138 0.05523 0.90516
36889.387729 36.08959 -0.82119 53.29620 -0.00913 0.42332 0.05368 0.90434
36889.397617 36.06119 -0.81839 53.29036 -0.00839 0.42376 0.05766 0.90390
36889.407683 36.10008 -0.83894 53.32109 -0.00968 0.42415 0.05530 0.90385
36889.417686 36.17051 -0.83130 53.36941 -0.01042 0.42354 0.05625 0.90407
36889.437631 36.23447 -0.80389 53.45194 -0.01052 0.42372 0.05509 0.90406
36889.447696 36.29909 -0.77300 53.46441 -0.00994 0.42481 0.05310 0.90367
36889.457425 36.26707 -0.78901 53.43895 -0.00913 0.42495 0.05386 0.90356
36889.467622 36.31510 -0.78644 53.49296 -0.01039 0.42460 0.05440 0.90369
36889.477686 36.43831 -0.79467 53.61879 -0.01013 0.42490 0.05329 0.90361
36889.497446 36.62128 -0.77193 53.83014 -0.01121 0.42482 0.05281 0.90367
36889.507671 36.63717 -0.78161 53.79660 -0.01111 0.42567 0.05525 0.90312
36889.537471 36.72880 -0.80586 53.88470 -0.01233 0.42591 0.05307 0.90313
36889.547661 36.83049 -0.77731 54.03680 -0.01197 0.42659 0.05250 0.90284
36889.567401 36.99916 -0.78542 54.13540 -0.01368 0.42640 0.05235 0.90291
36889.577465 37.11920 -0.75935 54.23360 -0.01281 0.42627 0.05332 0.90293
36889.587529 37.24513 -0.75907 54.32740 -0.01326 0.42591 0.05385 0.90306
36889.597595 37.36687 -0.74219 54.43519 -0.01229 0.42595 0.05572 0.90294
36889.607669 37.38739 -0.73977 54.44538 -0.01302 0.42629 0.05380 0.90289
36889.627450 37.60682 -0.72686 54.62290 -0.01317 0.42641 0.05406 0.90282
36889.637652 37.66912 -0.73319 54.68206 -0.01385 0.42630 0.05341 0.90290
36889.647726 37.73063 -0.73527 54.71969 -0.01412 0.42606 0.05266 0.90305
36889.657647 37.85637 -0.71258 54.81513 -0.01371 0.42635 0.05388 0.90285
36889.677408 37.96965 -0.71741 54.94074 -0.01370 0.42665 0.05389 0.90271
36889.687473 38.10974 -0.71066 55.06145 -0.01388 0.42698 0.05510 0.90247
36889.697622 38.16621 -0.69899 55.10805 -0.01407 0.42701 0.05346 0.90255
36889.707686 38.22366 -0.68128 55.17870 -0.01376 0.42711 0.05281 0.90255
36889.717341 38.28300 -0.69839 55.24114 -0.01405 0.42747 0.05298 0.90237
36889.727467 38.40746 -0.68349 55.34432 -0.01402 0.42756 0.05295 0.90232
36889.737673 38.47076 -0.69841 55.39612 -0.01466 0.42775 0.05189 0.90229
36889.757437 38.65189 -0.67867 55.57025 -0.01381 0.42794 0.05326 0.90213
36889.767501 38.76459 -0.65797 55.64495 -0.01367 0.42787 0.05245 0.90222
36889.777660 38.83290 -0.63372 55.70588 -0.01395 0.42790 0.05146 0.90225
36889.797422 38.99524 -0.64154 55.84027 -0.01349 0.42792 0.05124 0.90226
36889.807488 39.05272 -0.64414 55.90036 -0.01467 0.42845 0.05053 0.90203
36889.817553 39.16130 -0.62938 55.98948 -0.01396 0.42830 0.05075 0.90210
36889.827618 39.21088 -0.64203 56.04028 -0.01441 0.42886 0.05060 0.90184
36889.837684 39.30840 -0.62581 56.13631 -0.01361 0.42931 0.05021 0.90166
36889.857453 39.43227 -0.61682 56.24924 -0.01440 0.42986 0.04907 0.90144
36889.867517 39.55016 -0.61966 56.35239 -0.01424 0.42965 0.04899 0.90155
36889.877586 39.65703 -0.61283 56.41715 -0.01368 0.42938 0.04962 0.90166
36889.887651 39.74360 -0.62503 56.50324 -0.01435 0.42948 0.04942 0.90161
36889.897724 39.84740 -0.60900 56.57099 -0.01433 0.42936 0.04941 0.90167
36889.907403 39.89235 -0.58884 56.62798 -0.01324 0.43004 0.04919 0.90137
36889.917468 40.00702 -0.59599 56.71115 -0.01422 0.43001 0.04810 0.90143
36889.927533 40.08225 -0.58789 56.77405 -0.01419 0.43027 0.04904 0.90125
36889.937597 40.15026 -0.59869 56.84707 -0.01453 0.43059 0.04804 0.90115
36889.947658 40.24842 -0.58772 56.91607 -0.01428 0.43066 0.04864 0.90109
36889.977681 40.38268 -0.57010 57.03029 -0.01504 0.43108 0.04865 0.90087
36889.997425 40.51654 -0.56708 57.18512 -0.01557 0.43193 0.04765 0.90051
36890.007497 40.64948 -0.55007 57.33122 -0.01509 0.43203 0.04797 0.90046
36890.017562 40.78175 -0.52299 57.46782 -0.01459 0.43242 0.04781 0.90029
36890.027624 40.88094 -0.51306 57.53863 -0.01510 0.43273 0.04740 0.90015
36890.037687 40.94032 -0.52790 57.64975 -0.01577 0.43331 0.04731 0.89986
36890.057458 41.06762 -0.50846 57.75555 -0.01635 0.43382 0.04708 0.89962
36890.067524 41.13803 -0.49739 57.82306 -0.01680 0.43395 0.04677 0.89957
36890.077590 41.20534 -0.49421 57.89469 -0.01675 0.43413 0.04627 0.89950
36890.087654 41.25435 -0.53883 57.97658 -0.01668 0.43487 0.04915 0.89900
36890.107382 41.35245 -0.52607 58.07944 -0.01779 0.43534 0.04808 0.89880
36890.117447 41.43007 -0.50227 58.12661 -0.01810 0.43569 0.04775 0.89865
36890.127513 41.44245 -0.52811 58.10361 -0.01852 0.43557 0.04882 0.89864
36890.137588 41.43174 -0.54568 58.10885 -0.01775 0.43624 0.05115 0.89820
36890.147654 41.45840 -0.50808 58.14042 -0.01844 0.43648 0.05284 0.89797
36890.167694 41.51821 -0.50370 58.18566 -0.01916 0.43685 0.05107 0.89788
36890.177695 41.59197 -0.51159 58.20306 -0.01985 0.43715 0.05323 0.89759
36890.187661 41.61877 -0.49661 58.25418 -0.02038 0.43741 0.05125 0.89757
36890.197662 41.65881 -0.46326 58.28803 -0.01964 0.43734 0.05159 0.89760
36890.217723 41.74413 -0.44186 58.36988 -0.02046 0.43844 0.05244 0.89700
36890.227372 41.77125 -0.45848 58.35859 -0.02088 0.43908 0.05200 0.89670
36890.237436 41.80171 -0.44547 58.36478 -0.02051 0.43954 0.05232 0.89646
36890.247501 41.82795 -0.42936 58.36077 -0.02076 0.43941 0.05566 0.89632
36890.257564 41.88383 -0.38784 58.39508 -0.02062 0.43949 0.05433 0.89637
36890.267667 42.03025 -0.37917 58.56108 -0.02074 0.43950 0.05377 0.89639
36890.287415 42.10726 -0.40797 58.59973 -0.02131 0.44006 0.05294 0.89615
36890.297480 42.18375 -0.36000 58.61035 -0.02137 0.44042 0.05173 0.89604
36890.307666 42.27898 -0.37331 58.76311 -0.02008 0.44038 0.05417 0.89595
36890.327412 42.48458 -0.34090 58.97751 -0.02043 0.44112 0.05357 0.89561
36890.337473 42.59998 -0.31692 59.07570 -0.02019 0.44094 0.05302 0.89574
36890.347682 42.72777 -0.28109 59.18590 -0.01966 0.44123 0.05152 0.89570
36890.357650 42.70291 -0.30998 59.19083 -0.02028 0.44174 0.05397 0.89529
36890.367720 42.80741 -0.30461 59.26192 -0.02079 0.44173 0.05346 0.89531
36890.377414 42.94693 -0.28169 59.34512 -0.02029 0.44166 0.05326 0.89537
36890.387478 42.96272 -0.29011 59.38815 -0.02020 0.44202 0.05591 0.89503
36890.397543 43.04404 -0.28885 59.47342 -0.02090 0.44257 0.05472 0.89482
36890.407610 43.14724 -0.29417 59.53384 -0.02063 0.44234 0.05508 0.89491
36890.417682 43.25033 -0.27236 59.61604 -0.02096 0.44201 0.05516 0.89507
36890.427732 43.31168 -0.26197 59.64300 -0.02108 0.44276 0.05467 0.89472
36890.447405 43.47347 -0.23333 59.82227 -0.02174 0.44291 0.05297 0.89474
36890.457471 43.57191 -0.22860 59.88660 -0.02160 0.44280 0.05442 0.89471
36890.467689 43.70053 -0.23787 59.99530 -0.02150 0.44283 0.05497 0.89466
36890.477666 43.79708 -0.23987 60.04341 -0.02182 0.44280 0.05528 0.89465
36890.497473 43.95178 -0.24030 60.17141 -0.02194 0.44317 0.05552 0.89445
36890.507619 44.02485 -0.22254 60.27400 -0.02171 0.44303 0.05578 0.89451
36890.517684 44.12480 -0.19317 60.33435 -0.02230 0.44306 0.05535 0.89450
36890.537448 44.28780 -0.21839 60.47962 -0.02176 0.44377 0.05732 0.89404
36890.547665 44.41759 -0.21274 60.59929 -0.02239 0.44408 0.05623 0.89394
36890.567413 44.53070 -0.15478 60.67792 -0.02308 0.44394 0.05596 0.89401
36890.577478 44.67831 -0.13496 60.76229 -0.02227 0.44381 0.05508 0.89415
36890.587653 44.76326 -0.18264 60.85591 -0.02213 0.44396 0.05760 0.89392
36890.607407 44.84667 -0.15546 60.97796 -0.02256 0.44457 0.05662 0.89367
36890.617473 44.96652 -0.15296 61.04484 -0.02355 0.44461 0.05525 0.89371
36890.627668 45.11942 -0.11754 61.12173 -0.02333 0.44436 0.05545 0.89383
36890.647471 45.27840 -0.07415 61.24499 -0.02240 0.44414 0.05595 0.89393
36890.657656 45.43053 -0.06252 61.35652 -0.02236 0.44379 0.05600 0.89410
36890.677456 45.55412 -0.08465 61.45454 -0.02327 0.44401 0.05770 0.89386
36890.687521 45.60572 -0.08357 61.50431 -0.02382 0.44414 0.05685 0.89384
36890.697638 45.69149 -0.08912 61.58895 -0.02427 0.44506 0.05676 0.89337
36890.707212 45.72275 -0.08521 61.64123 -0.02397 0.44511 0.05649 0.89337
36890.717447 45.83759 -0.07079 61.72514 -0.02356 0.44551 0.05677 0.89316
36890.727512 45.94667 -0.05749 61.77136 -0.02398 0.44490 0.05656 0.89347
36890.737196 46.05668 -0.06615 61.88189 -0.02373 0.44489 0.05736 0.89343
36890.747681 46.16348 -0.04354 61.96685 -0.02390 0.44494 0.05833 0.89334
36890.767466 46.32549 -0.03839 62.06270 -0.02400 0.44480 0.05720 0.89348
36890.777688 46.39977 -0.02522 62.12208 -0.02418 0.44531 0.05715 0.89323
36890.787694 46.44608 -0.03326 62.13420 -0.02417 0.44528 0.05888 0.89313
36890.797403 46.52259 -0.02040 62.21151 -0.02488 0.44548 0.05743 0.89310
36890.807467 46.67074 0.01634 62.31026 -0.02509 0.44565 0.05625 0.89309
36890.817630 46.71927 0.01410 62.39497 -0.02442 0.44585 0.05662 0.89298
36890.827694 46.78970 -0.00762 62.48592 -0.02536 0.44641 0.05645 0.89269
36890.847644 46.94123 -0.03852 62.60085 -0.02622 0.44675 0.05802 0.89239
36890.857216 46.98127 -0.01355 62.70555 -0.02461 0.44728 0.05952 0.89207
36890.867471 47.04316 -0.00808 62.78043 -0.02491 0.44744 0.05811 0.89207
36890.877537 47.12073 0.00372 62.85911 -0.02480 0.44808 0.05840 0.89174
36890.887211 47.15259 -0.01655 62.91628 -0.02547 0.44869 0.05837 0.89141
36890.897694 47.24672 0.01395 63.01961 -0.02605 0.44883 0.05784 0.89136
36890.907460 47.38572 0.00844 63.09289 -0.02545 0.44829 0.05843 0.89161
36890.917527 47.48578 0.04184 63.13677 -0.02503 0.44805 0.05850 0.89174
36890.927634 47.55837 0.05232 63.19573 -0.02482 0.44825 0.05851 0.89165
36890.937710 47.62804 0.04970 63.28311 -0.02545 0.44837 0.05780 0.89162
36890.947286 47.71503 0.05461 63.36068 -0.02537 0.44873 0.05842 0.89140
36890.957722 47.82317 0.04558 63.43694 -0.02541 0.44896 0.05843 0.89128
36890.977455 47.94846 0.03738 63.53829 -0.02592 0.44904 0.06043 0.89109
36890.987518 48.01630 0.05477 63.59425 -0.02568 0.44931 0.06000 0.89099
36890.997668 48.08493 0.05476 63.66106 -0.02550 0.44959 0.06157 0.89074
36891.007238 48.13159 0.06095 63.67525 -0.02598 0.44960 0.06059 0.89079
36891.017420 48.21427 0.04030 63.75431 -0.02703 0.45000 0.06019 0.89059
36891.027487 48.21459 0.03243 63.79224 -0.02722 0.45042 0.06171 0.89027
36891.037551 48.25870 0.03298 63.83078 -0.02651 0.45057 0.06222 0.89018
36891.047651 48.31509 0.03665 63.85666 -0.02676 0.45090 0.06308 0.88994
36891.067467 48.38331 0.04345 63.87508 -0.02802 0.45110 0.06231 0.88985
36891.077533 48.37427 0.04325 63.86537 -0.02738 0.45171 0.06460 0.88940
36891.087658 48.42006 0.02326 63.89935 -0.02774 0.45216 0.06523 0.88912
36891.097229 48.48278 0.05193 63.91880 -0.02768 0.45202 0.06529 0.88918
36891.107499 48.49424 0.05775 63.89863 -0.02798 0.45211 0.06708 0.88899
36891.117564 48.49327 0.07602 63.88285 -0.02726 0.45245 0.06803 0.88877
36891.127648 48.52971 0.10661 63.88057 -0.02719 0.45237 0.06826 0.88880
36891.137718 48.56332 0.11005 63.92508 -0.02609 0.45252 0.07045 0.88858
36891.147622 48.57673 0.10188 63.88688 -0.02683 0.45325 0.07047 0.88819
36891.157687 48.54630 0.16839 63.83856 -0.02738 0.45329 0.06985 0.88820
36891.177677 48.71647 0.20037 63.96424 -0.02577 0.45308 0.07170 0.88821
36891.187268 48.78938 0.18935 63.99976 -0.02686 0.45336 0.06938 0.88822
36891.197686 48.83237 0.21011 64.02248 -0.02729 0.45410 0.06855 0.88789
36891.207422 48.87544 0.22807 64.00056 -0.02654 0.45345 0.06964 0.88816
36891.217648 48.87095 0.26591 64.05943 -0.02727 0.45401 0.07021 0.88781
36891.227720 48.92718 0.23868 64.08477 -0.02677 0.45391 0.07344 0.88761
36891.237689 48.97004 0.25584 64.12374 -0.02721 0.45432 0.07242 0.88747
36891.247281 49.00062 0.24375 64.16182 -0.02688 0.45451 0.07322 0.88732
36891.257710 49.04948 0.26963 64.17412 -0.02674 0.45544 0.07430 0.88676
36891.267414 49.15982 0.27109 64.27937 -0.02690 0.45513 0.07415 0.88693
36891.277648 49.26204 0.25260 64.38422 -0.02742 0.45554 0.07275 0.88681
36891.287723 49.39964 0.27473 64.51705 -0.02713 0.45498 0.07264 0.88712
36891.297627 49.56053 0.26024 64.62077 -0.02764 0.45535 0.07390 0.88681
36891.307693 49.64541 0.25622 64.66962 -0.02720 0.45549 0.07505 0.88665
36891.317673 49.61646 0.22442 64.65985 -0.02871 0.45561 0.07425 0.88661
36891.337447 49.75361 0.24614 64.77374 -0.02810 0.45615 0.07589 0.88621
36891.347720 49.87617 0.26432 64.91332 -0.02840 0.45664 0.07523 0.88601
36891.357665 49.95182 0.25969 64.96498 -0.02799 0.45677 0.07529 0.88595
36891.367234 50.05098 0.25882 65.03648 -0.02792 0.45710 0.07593 0.88573
36891.377425 50.12635 0.29065 65.09067 -0.02856 0.45689 0.07575 0.88583
36891.387683 50.21742 0.26121 65.14969 -0.02862 0.45715 0.07649 0.88563
36891.397328 50.32513 0.28025 65.26112 -0.02836 0.45739 0.07653 0.88551
36891.407638 50.34156 0.27398 65.33926 -0.02893 0.45791 0.07682 0.88520
36891.417714 50.36857 0.27555 65.37626 -0.02913 0.45818 0.07649 0.88508
36891.427678 50.51920 0.29771 65.46916 -0.02907 0.45793 0.07590 0.88527
36891.447618 50.68440 0.34020 65.54929 -0.02940 0.45810 0.07525 0.88522
36891.457679 50.84890 0.35654 65.70503 -0.02937 0.45814 0.07558 0.88517
36891.467667 50.90669 0.37665 65.74182 -0.02947 0.45807 0.07521 0.88524
36891.487423 51.09504 0.38013 65.88520 -0.02991 0.45840 0.07509 0.88506
36891.497665 51.18663 0.37749 65.94185 -0.03001 0.45850 0.07470 0.88504
36891.517648 51.34706 0.41521 66.08976 -0.03027 0.45876 0.07536 0.88484
36891.537623 51.57136 0.42121 66.26126 -0.03037 0.45913 0.07580 0.88461
36891.547687 51.61401 0.43359 66.29238 -0.03054 0.45899 0.07563 0.88469
36891.567668 51.77084 0.44369 66.43773 -0.03023 0.45930 0.07628 0.88448
36891.577358 51.87996 0.46843 66.53592 -0.03113 0.45977 0.07472 0.88434
36891.587645 51.95337 0.47950 66.61031 -0.03126 0.45992 0.07521 0.88422
36891.607441 52.11505 0.49757 66.76624 -0.03109 0.46049 0.07594 0.88386
36891.617645 52.19151 0.49824 66.82110 -0.03126 0.46120 0.07527 0.88354
36891.637451 52.37291 0.50375 66.95342 -0.03189 0.46096 0.07582 0.88360
36891.647516 52.52921 0.53889 67.06453 -0.03216 0.46104 0.07503 0.88362
36891.657692 52.58517 0.55921 67.10776 -0.03161 0.46132 0.07663 0.88335
36891.677435 52.69647 0.53436 67.20663 -0.03254 0.46132 0.07579 0.88339
36891.687501 52.87155 0.55580 67.32959 -0.03251 0.46127 0.07571 0.88343
36891.697667 52.96180 0.59273 67.38609 -0.03271 0.46101 0.07534 0.88358
36891.717418 53.13667 0.61393 67.50946 -0.03264 0.46180 0.07609 0.88311
36891.727485 53.20959 0.59086 67.59780 -0.03273 0.46194 0.07642 0.88301
36891.737648 53.31130 0.59800 67.64714 -0.03345 0.46161 0.07608 0.88318
36891.747651 53.36736 0.63924 67.70750 -0.03274 0.46183 0.07558 0.88314
36891.757722 53.49868 0.66152 67.80550 -0.03323 0.46193 0.07506 0.88311
36891.767426 53.57667 0.65718 67.86093 -0.03236 0.46197 0.07691 0.88296
36891.777492 53.68553 0.66197 67.94371 -0.03324 0.46233 0.07589 0.88283
36891.787555 53.77267 0.67538 68.01508 -0.03307 0.46232 0.07570 0.88286
36891.797622 53.85608 0.69726 68.06236 -0.03330 0.46175 0.07630 0.88309
36891.807688 54.00914 0.71921 68.13941 -0.03257 0.46150 0.07656 0.88323
36891.827466 54.18804 0.73646 68.28169 -0.03337 0.46211 0.07521 0.88299
36891.837529 54.18874 0.74589 68.29017 -0.03288 0.46250 0.07612 0.88273
36891.857327 54.39736 0.77609 68.48811 -0.03323 0.46277 0.07557 0.88262
36891.867493 54.56192 0.79517 68.62419 -0.03372 0.46311 0.07538 0.88245
36891.877557 54.58077 0.79543 68.66278 -0.03379 0.46372 0.07497 0.88216
36891.887622 54.66050 0.78942 68.71124 -0.03324 0.46408 0.07603 0.88190
36891.897685 54.74705 0.80686 68.83327 -0.03326 0.46411 0.07575 0.88191
36891.917415 54.96134 0.82715 68.92595 -0.03377 0.46396 0.07596 0.88195
36891.927480 55.06836 0.85841 68.99299 -0.03342 0.46403 0.07589 0.88193
36891.937545 55.14284 0.86512 69.04845 -0.03354 0.46391 0.07654 0.88193
36891.947611 55.25639 0.87024 69.11429 -0.03408 0.46357 0.07706 0.88205
36891.957677 55.34396 0.88410 69.20159 -0.03376 0.46404 0.07607 0.88189
36891.987483 55.54610 0.93593 69.35674 -0.03413 0.46447 0.07531 0.88172
36891.997549 55.73740 0.95276 69.55425 -0.03367 0.46503 0.07485 0.88148
36892.007614 55.81172 0.98936 69.58309 -0.03363 0.46457 0.07525 0.88169
36892.017679 55.95213 1.00125 69.69466 -0.03336 0.46473 0.07578 0.88157
36892.037422 56.07814 0.99712 69.77198 -0.03313 0.46515 0.07604 0.88134
36892.047486 56.18400 1.01174 69.85007 -0.03301 0.46555 0.07544 0.88118
36892.057552 56.29347 1.04113 69.93327 -0.03375 0.46565 0.07422 0.88121
36892.067617 56.39868 1.08552 70.03342 -0.03322 0.46530 0.07493 0.88135
36892.077687 56.47492 1.06507 70.09884 -0.03376 0.46567 0.07498 0.88113
36892.107448 56.74340 1.11073 70.29864 -0.03399 0.46586 0.07540 0.88098
36892.117515 56.88454 1.11771 70.37038 -0.03412 0.46555 0.07469 0.88120
36892.127579 56.96727 1.16303 70.43715 -0.03356 0.46577 0.07513 0.88107
36892.137641 57.07067 1.17330 70.52269 -0.03363 0.46647 0.07623 0.88060
36892.147714 57.15212 1.18385 70.58354 -0.03332 0.46635 0.07504 0.88078
36892.167434 57.34254 1.19794 70.71078 -0.03474 0.46636 0.07399 0.88081
36892.177499 57.49597 1.21101 70.78881 -0.03414 0.46590 0.07541 0.88096
36892.187564 57.55715 1.22916 70.85852 -0.03376 0.46649 0.07576 0.88063
36892.197628 57.60924 1.21973 70.90922 -0.03423 0.46642 0.07566 0.88066
36892.207694 57.73929 1.23367 71.00107 -0.03487 0.46660 0.07595 0.88051
36892.237506 57.98327 1.25916 71.20411 -0.03458 0.46709 0.07578 0.88028
36892.247571 58.10275 1.29793 71.28001 -0.03419 0.46687 0.07592 0.88039
36892.257636 58.22740 1.34504 71.34598 -0.03482 0.46698 0.07363 0.88051
36892.267708 58.34229 1.32282 71.41931 -0.03420 0.46662 0.07496 0.88061
36892.287444 58.47332 1.35319 71.56059 -0.03487 0.46756 0.07444 0.88013
36892.297506 58.58735 1.35478 71.64382 -0.03541 0.46770 0.07448 0.88003
36892.307571 58.68856 1.38553 71.70456 -0.03537 0.46786 0.07425 0.87997
36892.317637 58.72291 1.41435 71.76250 -0.03440 0.46768 0.07514 0.88003
36892.327706 58.83386 1.40740 71.84461 -0.03464 0.46815 0.07471 0.87980
36892.337399 58.89875 1.42464 71.91276 -0.03457 0.46858 0.07508 0.87955
36892.347464 59.06003 1.42134 71.99668 -0.03631 0.46874 0.07369 0.87951
36892.357530 59.21803 1.43616 72.05958 -0.03550 0.46880 0.07489 0.87941
36892.367597 59.22893 1.45308 72.09704 -0.03587 0.46818 0.07444 0.87976
36892.377661 59.31664 1.48449 72.15579 -0.03540 0.46839 0.07434 0.87968
36892.387472 59.48269 1.50897 72.24628 -0.03562 0.46814 0.07297 0.87992
36892.397534 59.47498 1.49530 72.28907 -0.03523 0.46834 0.07460 0.87969
36892.407599 59.51569 1.51671 72.34794 -0.03695 0.46886 0.07350 0.87943
36892.417663 59.59783 1.50132 72.39391 -0.03625 0.46912 0.07418 0.87926
36892.437487 59.62440 1.53976 72.40432 -0.03719 0.46932 0.07331 0.87919
36892.447553 59.64513 1.56383 72.38855 -0.03666 0.46992 0.07273 0.87894
36892.457619 59.70486 1.56697 72.42738 -0.03785 0.47073 0.07102 0.87860
36892.467683 59.64063 1.54112 72.41125 -0.03633 0.47059 0.07455 0.87845
36892.477367 59.65228 1.55153 72.39359 -0.03795 0.47182 0.07253 0.87789
36892.487431 59.62581 1.57794 72.36322 -0.03751 0.47176 0.07379 0.87783
36892.497496 59.66047 1.59147 72.36439 -0.03703 0.47163 0.07137 0.87812
36892.507660 59.63576 1.59433 72.37691 -0.03639 0.47145 0.07147 0.87824
36892.517230 59.59986 1.60126 72.38050 -0.03867 0.47302 0.07044 0.87738
36892.527728 59.59276 1.66365 72.37172 -0.03727 0.47320 0.07125 0.87728
36892.537692 59.54474 1.63728 72.37735 -0.03711 0.47353 0.06853 0.87732
36892.557431 59.58049 1.67549 72.36822 -0.03793 0.47416 0.06728 0.87705
36892.567497 59.53262 1.70022 72.32105 -0.03748 0.47575 0.06712 0.87621
36892.577562 59.57162 1.72600 72.33899 -0.03902 0.47548 0.06648 0.87634
36892.587625 59.63150 1.74950 72.36318 -0.03851 0.47672 0.06882 0.87551
36892.597691 59.69779 1.79758 72.35673 -0.03876 0.47743 0.07032 0.87499
36892.607370 59.77645 1.80179 72.38688 -0.03972 0.47797 0.06543 0.87504
36892.617437 59.80992 1.81623 72.38986 -0.04053 0.47861 0.06160 0.87492
36892.627503 59.83564 1.83312 72.43572 -0.03937 0.47860 0.06232 0.87493
36892.637572 59.89190 1.83327 72.44833 -0.04001 0.47833 0.05998 0.87521
36892.647650 59.95973 1.88404 72.48830 -0.03964 0.47872 0.05949 0.87505
36892.667446 60.03642 1.94210 72.54674 -0.03847 0.47788 0.06168 0.87541
36892.677667 60.07230 1.96159 72.53980 -0.03722 0.47718 0.06291 0.87576
36892.687397 60.08134 2.00144 72.59719 -0.03851 0.47764 0.06357 0.87541
36892.697460 60.11837 2.05768 72.59357 -0.03820 0.47855 0.06374 0.87491
36892.707524 60.10099 2.05279 72.59758 -0.03836 0.47928 0.06213 0.87462
36892.717588 60.09075 2.08605 72.62843 -0.03748 0.47881 0.06331 0.87483
36892.727654 60.14345 2.12592 72.62475 -0.03723 0.47902 0.06300 0.87475
36892.757677 60.19212 2.13609 72.62441 -0.03734 0.48079 0.06311 0.87376
36892.767318 60.23968 2.16172 72.59629 -0.03805 0.48058 0.06319 0.87384
36892.777663 60.23465 2.21067 72.59917 -0.03792 0.48079 0.06101 0.87389
36892.787708 60.23565 2.24443 72.61392 -0.03863 0.48123 0.05856 0.87378
36892.797670 60.17560 2.24310 72.58851 -0.03772 0.48241 0.05907 0.87313
36892.807237 60.17744 2.25046 72.60113 -0.03831 0.48341 0.05620 0.87275
36892.827655 60.21167 2.26980 72.64767 -0.03885 0.48376 0.05707 0.87248
36892.837725 60.24806 2.28477 72.68141 -0.03915 0.48415 0.05757 0.87221
36892.847212 60.25828 2.32570 72.68562 -0.03778 0.48485 0.06112 0.87164
36892.857621 60.29913 2.37349 72.72227 -0.03855 0.48424 0.06099 0.87196
36892.867693 60.35284 2.40635 72.76492 -0.03854 0.48471 0.05715 0.87195
36892.877410 60.47728 2.43929 72.82977 -0.03818 0.48503 0.05684 0.87181
36892.887309 60.52341 2.44926 72.86018 -0.03804 0.48565 0.05583 0.87154
36892.897674 60.60438 2.44224 72.91596 -0.03811 0.48578 0.05463 0.87154
36892.907343 60.67185 2.45131 72.93821 -0.03851 0.48541 0.05603 0.87164
36892.927692 60.81525 2.47850 73.02160 -0.03753 0.48540 0.05614 0.87168
36892.937644 60.98585 2.50708 73.14760 -0.03776 0.48532 0.05596 0.87173
36892.947712 61.07570 2.53280 73.21050 -0.03776 0.48522 0.05590 0.87178
36892.957631 61.11428 2.51796 73.22670 -0.03801 0.48563 0.05567 0.87156
36892.967691 61.14738 2.49882 73.22057 -0.03840 0.48568 0.05610 0.87149
36892.987676 61.27869 2.48327 73.29706 -0.03901 0.48584 0.05492 0.87145
36893.007678 61.46558 2.49610 73.40622 -0.03922 0.48560 0.05537 0.87155
36893.017654 61.66727 2.52910 73.56222 -0.03864 0.48537 0.05472 0.87174
36893.027726 61.79781 2.56217 73.63810 -0.03802 0.48567 0.05580 0.87153
36893.037693 61.89133 2.59916 73.70077 -0.03827 0.48590 0.05462 0.87147
36893.047666 61.98661 2.60247 73.75270 -0.03835 0.48590 0.05374 0.87152
36893.057647 62.13978 2.65770 73.83790 -0.03783 0.48566 0.05481 0.87161
36893.077605 62.24362 2.63089 73.91343 -0.03829 0.48533 0.05446 0.87179
36893.087665 62.38256 2.65361 74.00524 -0.03868 0.48570 0.05393 0.87160
36893.097736 62.50004 2.66155 74.04992 -0.03799 0.48554 0.05397 0.87172
36893.107677 62.58745 2.68805 74.11746 -0.03853 0.48615 0.05409 0.87135
36893.117274 62.68357 2.69719 74.19632 -0.03786 0.48584 0.05452 0.87152
36893.127636 62.77088 2.71753 74.24314 -0.03743 0.48567 0.05506 0.87160
36893.137705 62.84434 2.71757 74.26678 -0.03812 0.48546 0.05429 0.87174
36893.147691 62.96063 2.71126 74.35406 -0.03849 0.48571 0.05373 0.87162
36893.157660 63.03781 2.73527 74.40928 -0.03810 0.48574 0.05421 0.87159
36893.167310 63.13827 2.74242 74.49908 -0.03777 0.48620 0.05400 0.87136
36893.177719 63.20659 2.76280 74.55015 -0.03810 0.48623 0.05329 0.87137
36893.187301 63.33442 2.78425 74.63735 -0.03796 0.48647 0.05416 0.87119
36893.197660 63.40891 2.77868 74.66086 -0.03782 0.48604 0.05457 0.87141
36893.207639 63.53362 2.81216 74.73603 -0.03754 0.48623 0.05419 0.87134
36893.217709 63.59420 2.82876 74.79124 -0.03728 0.48614 0.05423 0.87140
36893.227268 63.66856 2.82211 74.83204 -0.03802 0.48627 0.05387 0.87132
36893.237383 63.82198 2.82821 74.91704 -0.03781 0.48632 0.05324 0.87134
36893.247667 63.91967 2.84945 74.97696 -0.03750 0.48614 0.05351 0.87143
36893.257637 64.03271 2.84007 75.04481 -0.03795 0.48634 0.05417 0.87126
36893.267618 64.11286 2.86426 75.09926 -0.03810 0.48641 0.05349 0.87126
36893.277218 64.13755 2.87313 75.13197 -0.03791 0.48662 0.05262 0.87120
36893.287316 64.27235 2.90327 75.20965 -0.03849 0.48663 0.05222 0.87120
36893.297663 64.35718 2.91029 75.29146 -0.03775 0.48685 0.05231 0.87110
36893.307648 64.48722 2.93785 75.35689 -0.03795 0.48688 0.05209 0.87109
36893.317609 64.58368 2.95722 75.42762 -0.03754 0.48689 0.05265 0.87107
36893.327673 64.62684 2.93805 75.44581 -0.03787 0.48663 0.05226 0.87122
36893.337310 64.76280 2.96150 75.53332 -0.03820 0.48697 0.05163 0.87105
36893.347652 64.85456 2.97546 75.59887 -0.03756 0.48690 0.05264 0.87106
36893.357220 64.91951 2.98118 75.61464 -0.03844 0.48660 0.05178 0.87124
36893.367677 65.02028 2.99687 75.68782 -0.03764 0.48708 0.05179 0.87101
36893.377648 65.10034 3.00692 75.75165 -0.03704 0.48713 0.05147 0.87102
36893.387644 65.18807 2.99947 75.81198 -0.03802 0.48717 0.05145 0.87096
36893.397724 65.31042 3.01203 75.89152 -0.03802 0.48753 0.05175 0.87074
36893.407321 65.39846 3.03898 75.96293 -0.03781 0.48729 0.05183 0.87088
36893.417641 65.44550 3.05698 75.98128 -0.03825 0.48757 0.05107 0.87075
36893.427641 65.55774 3.04688 76.05977 -0.03784 0.48764 0.05211 0.87067
36893.437712 65.62015 3.07330 76.10950 -0.03793 0.48782 0.05137 0.87060
36893.447680 65.75081 3.09346 76.19195 -0.03850 0.48783 0.05060 0.87062
36893.457648 65.86118 3.09021 76.25964 -0.03779 0.48780 0.05134 0.87063
36893.467719 65.96745 3.09968 76.32909 -0.03819 0.48782 0.05164 0.87058
36893.477307 65.99995 3.11360 76.35001 -0.03861 0.48808 0.05096 0.87046
36893.487664 66.12017 3.14730 76.44500 -0.03824 0.48808 0.05115 0.87046
36893.497629 66.22142 3.14424 76.49558 -0.03824 0.48793 0.05088 0.87056
36893.517641 66.43407 3.16827 76.62396 -0.03902 0.48822 0.05114 0.87035
36893.527268 66.45326 3.14678 76.66022 -0.03903 0.48859 0.05155 0.87012
36893.537336 66.52324 3.16737 76.72384 -0.03870 0.48878 0.05138 0.87003
36893.557648 66.77617 3.19872 76.86778 -0.03932 0.48888 0.05067 0.86999
36893.567638 66.86021 3.21252 76.90811 -0.03976 0.48860 0.05027 0.87015
36893.577253 66.96158 3.23135 76.94708 -0.03931 0.48856 0.05060 0.87017
36893.587665 67.06865 3.23606 77.03377 -0.03976 0.48862 0.05037 0.87013
36893.597278 67.15160 3.23354 77.08290 -0.03867 0.48847 0.05225 0.87016
36893.607663 67.26171 3.25339 77.15320 -0.03949 0.48869 0.05128 0.87006
36893.617232 67.37978 3.27063 77.22871 -0.03988 0.48872 0.05098 0.87003
36893.627673 67.41436 3.27772 77.26205 -0.03977 0.48913 0.05075 0.86983
36893.647339 67.61412 3.28146 77.39734 -0.04000 0.48930 0.05123 0.86969
36893.667310 67.79991 3.31480 77.51060 -0.03993 0.48944 0.05168 0.86959
36893.677719 67.85712 3.31633 77.56348 -0.04002 0.48981 0.05156 0.86938
36893.687684 67.99832 3.34721 77.64305 -0.03957 0.48975 0.05121 0.86945
36893.697630 68.08728 3.36627 77.69833 -0.04043 0.48968 0.04946 0.86956
36893.707731 68.21518 3.38904 77.78722 -0.03950 0.48970 0.05074 0.86952
36893.717357 68.32008 3.37784 77.83249 -0.03987 0.48997 0.05049 0.86936
36893.727284 68.31424 3.40173 77.84273 -0.04005 0.48966 0.05029 0.86954
36893.737645 68.45761 3.40402 77.93331 -0.03969 0.49003 0.05088 0.86931
36893.747212 68.53096 3.41270 77.99594 -0.03949 0.49017 0.05055 0.86926
36893.757681 68.68451 3.42248 78.07446 -0.03971 0.49020 0.05125 0.86920
36893.777353 68.80253 3.44177 78.14059 -0.04022 0.48992 0.04932 0.86944
36893.787673 68.93501 3.45739 78.23977 -0.03970 0.49023 0.05072 0.86921
36893.797620 69.02020 3.46465 78.27939 -0.04042 0.49038 0.04968 0.86915
36893.807688 69.11474 3.48854 78.35357 -0.04004 0.49051 0.05062 0.86904
36893.827357 69.29727 3.50476 78.47117 -0.04026 0.49048 0.04942 0.86912
36893.837271 69.40307 3.52223 78.52650 -0.04014 0.49065 0.04944 0.86903
36893.847634 69.49459 3.54125 78.58988 -0.04062 0.49076 0.04889 0.86898
36893.857706 69.59889 3.55631 78.66681 -0.04039 0.49071 0.04848 0.86904
36893.867266 69.66356 3.53773 78.71581 -0.04043 0.49073 0.04983 0.86895
36893.877718 69.73521 3.54711 78.75651 -0.04067 0.49060 0.04906 0.86905
36893.887665 69.86702 3.57021 78.82179 -0.04093 0.49090 0.04907 0.86887
36893.897341 69.96293 3.57326 78.88732 -0.04077 0.49084 0.04917 0.86891
36893.917303 70.14583 3.60095 78.99693 -0.04113 0.49092 0.04963 0.86882
36893.927695 70.19783 3.60302 79.02852 -0.04093 0.49048 0.04977 0.86906
36893.937640 70.27330 3.60488 79.09108 -0.04177 0.49106 0.04891 0.86875
36893.947641 70.39930 3.61731 79.15880 -0.04162 0.49123 0.04939 0.86863
36893.957712 70.51817 3.64420 79.24446 -0.04123 0.49145 0.04944 0.86853
36893.967687 70.60532 3.66157 79.28068 -0.04160 0.49097 0.04869 0.86882
36893.977364 70.65381 3.66328 79.32523 -0.04201 0.49127 0.04837 0.86865
36893.987270 70.74080 3.68787 79.39789 -0.04277 0.49154 0.04745 0.86851
36893.997344 70.84666 3.67739 79.49081 -0.04269 0.49193 0.04811 0.86825
36894.007685 70.93996 3.69464 79.54389 -0.04228 0.49192 0.04883 0.86824
36894.017667 71.03541 3.68906 79.63171 -0.04236 0.49218 0.04913 0.86807
36894.027632 71.08002 3.68933 79.63181 -0.04235 0.49200 0.04913 0.86818
36894.037198 71.18894 3.71628 79.67559 -0.04274 0.49171 0.04902 0.86833
36894.047376 71.27296 3.71717 79.72159 -0.04265 0.49154 0.04932 0.86841
36894.057673 71.44011 3.72690 79.83220 -0.04316 0.49171 0.04925 0.86829
36894.067633 71.47090 3.72391 79.87436 -0.04311 0.49181 0.04910 0.86825
36894.077612 71.50081 3.73578 79.91108 -0.04403 0.49250 0.04792 0.86788
36894.087676 71.63239 3.73662 79.98835 -0.04361 0.49253 0.04963 0.86778
36894.097294 71.76009 3.78772 80.04065 -0.04346 0.49204 0.04885 0.86811
36894.107653 71.88111 3.78863 80.09961 -0.04359 0.49198 0.04879 0.86814
36894.117637 72.01892 3.82784 80.19560 -0.04319 0.49223 0.04892 0.86801
36894.127733 72.02322 3.82034 80.21799 -0.04329 0.49256 0.04862 0.86784
36894.137665 72.11820 3.82152 80.26993 -0.04356 0.49265 0.04856 0.86778
36894.157345 72.27634 3.83266 80.38057 -0.04424 0.49261 0.04778 0.86781
36894.167410 72.36970 3.82943 80.44540 -0.04413 0.49281 0.04813 0.86768
