36607.448619 -0.01713 -0.01125 0.22633 0.00000 0.00030 0.00017 1.00000
36607.458559 -0.00633 -0.00150 0.28781 -0.00001 0.00004 0.00032 1.00000
36607.468722 -0.01668 -0.00082 0.34698 0.00008 0.00002 0.00043 1.00000
36607.478288 -0.01053 -0.00647 0.36671 0.00021 0.00002 0.00050 1.00000
36607.488618 -0.00425 -0.01335 0.43180 0.00003 -0.00014 0.00035 1.00000
36607.498551 -0.01968 -0.01015 0.46673 -0.00009 0.00025 0.00054 1.00000
36607.508134 -0.01217 -0.00232 0.50456 0.00001 0.00031 -0.00033 1.00000
36607.518633 -0.00829 -0.01357 0.56881 -0.00032 -0.00003 -0.00015 1.00000
36607.528603 -0.00725 -0.00148 0.59323 0.00011 -0.00013 0.00016 1.00000
36607.538525 -0.01365 -0.00162 0.65776 -0.00023 0.00007 0.00071 1.00000
36607.548604 -0.01660 -0.00451 0.68591 -0.00038 0.00001 0.00042 1.00000
36607.558544 -0.02535 -0.01744 0.70593 -0.00061 0.00013 0.00151 1.00000
36607.568543 -0.01628 -0.00627 0.78812 -0.00096 0.00031 0.00032 1.00000
36607.578635 -0.01969 -0.00157 0.82742 -0.00054 0.00016 0.00006 1.00000
36607.588612 -0.01927 0.00054 0.88050 -0.00042 0.00020 0.00060 1.00000
36607.598503 -0.01416 -0.00809 0.94402 -0.00047 -0.00000 0.00096 1.00000
36607.608567 -0.02291 -0.01863 0.96553 -0.00081 -0.00002 0.00206 1.00000
36607.618649 -0.01779 -0.00920 1.02349 -0.00065 0.00005 0.00080 1.00000
36607.628540 -0.02966 -0.02407 1.05012 -0.00102 0.00035 0.00089 1.00000
36607.638625 -0.01749 -0.02761 1.09458 -0.00164 0.00027 0.00087 1.00000
36607.648574 -0.01959 -0.02264 1.16723 -0.00100 -0.00005 0.00036 1.00000
36607.658538 -0.03200 0.00173 1.18421 -0.00037 -0.00002 0.00032 1.00000
36607.668528 -0.03489 -0.00042 1.24918 -0.00035 0.00038 0.00047 1.00000
36607.678125 -0.04512 0.00626 1.28363 -0.00065 0.00010 -0.00104 1.00000
36607.688513 -0.03671 0.00025 1.32726 -0.00039 0.00023 -0.00055 1.00000
36607.698580 -0.05468 -0.00172 1.39376 -0.00039 0.00021 -0.00096 1.00000
36607.708549 -0.05053 0.01217 1.42369 -0.00055 0.00032 -0.00167 1.00000
36607.718511 -0.05091 0.00234 1.48632 -0.00124 0.00049 -0.00156 1.00000
36607.728581 -0.05120 0.00554 1.51529 -0.00106 0.00026 -0.00130 1.00000
36607.738568 -0.06783 0.01001 1.56285 -0.00100 0.00059 -0.00212 1.00000
36607.748532 -0.05507 -0.00489 1.63782 -0.00101 0.00066 -0.00074 1.00000
36607.758693 -0.05447 0.00261 1.66685 -0.00151 0.00048 -0.00176 1.00000
36607.768498 -0.05561 -0.00034 1.73160 -0.00184 0.00052 -0.00280 0.99999
36607.778568 -0.05486 -0.00108 1.77324 -0.00155 0.00056 -0.00122 1.00000
36607.788510 -0.04971 -0.00095 1.82889 -0.00119 0.00070 -0.00028 1.00000
36607.798578 -0.05005 0.00417 1.87519 -0.00146 0.00037 -0.00055 1.00000
36607.808566 -0.06018 -0.00141 1.91489 -0.00195 0.00013 -0.00099 1.00000
36607.818540 -0.05276 -0.00312 1.96541 -0.00200 0.00052 -0.00172 1.00000
36607.828526 -0.07209 -0.00076 2.00641 -0.00220 0.00090 -0.00163 1.00000
36607.838110 -0.06325 0.00253 2.06032 -0.00156 0.00057 -0.00260 1.00000
36607.848577 -0.05928 -0.00089 2.12646 -0.00207 0.00066 -0.00209 1.00000
36607.858557 -0.06183 -0.00002 2.16740 -0.00189 0.00072 -0.00162 1.00000
36607.868617 -0.06171 -0.00173 2.21941 -0.00184 0.00059 -0.00135 1.00000
36607.878521 -0.05818 0.00163 2.29314 -0.00143 0.00045 -0.00093 1.00000
36607.888086 -0.05431 0.00453 2.32909 -0.00179 0.00049 -0.00172 1.00000
36607.898595 -0.06779 0.00827 2.37712 -0.00155 0.00061 -0.00132 1.00000
36607.908544 -0.07682 0.00889 2.40188 -0.00170 0.00075 -0.00160 1.00000
36607.918703 -0.07664 0.00619 2.47028 -0.00160 0.00082 -0.00197 1.00000
36607.928524 -0.08172 0.01067 2.52846 -0.00148 0.00094 -0.00175 1.00000
36607.938520 -0.08871 0.00976 2.56482 -0.00186 0.00126 -0.00145 1.00000
36607.948099 -0.07716 0.00880 2.62545 -0.00182 0.00095 -0.00113 1.00000
36607.958573 -0.09112 0.01375 2.66019 -0.00180 0.00127 -0.00227 0.99999
36607.968571 -0.09507 0.00866 2.68613 -0.00237 0.00111 -0.00241 0.99999
36607.978570 -0.09234 0.01798 2.74985 -0.00203 0.00094 -0.00256 0.99999
36607.988536 -0.08943 0.01279 2.78886 -0.00235 0.00087 -0.00174 1.00000
36607.998108 -0.07989 0.00425 2.85912 -0.00215 0.00082 -0.00181 1.00000
36608.008605 -0.08558 0.00710 2.91197 -0.00256 0.00100 -0.00177 0.99999
36608.018605 -0.09128 0.01678 2.98067 -0.00280 0.00110 -0.00269 0.99999
36608.028568 -0.10456 0.01329 2.99931 -0.00211 0.00138 -0.00200 0.99999
36608.038542 -0.10521 0.01639 3.05517 -0.00253 0.00118 -0.00289 0.99999
36608.048709 -0.11242 0.01757 3.11328 -0.00272 0.00161 -0.00246 0.99999
36608.058562 -0.10771 0.01718 3.17030 -0.00282 0.00176 -0.00331 0.99999
36608.068571 -0.10292 0.01275 3.21716 -0.00308 0.00127 -0.00317 0.99999
36608.078780 -0.10969 0.01192 3.24837 -0.00305 0.00144 -0.00351 0.99999
36608.088574 -0.10355 0.00617 3.31926 -0.00353 0.00110 -0.00249 0.99999
36608.098728 -0.09799 0.00743 3.36835 -0.00392 0.00115 -0.00299 0.99999
36608.108540 -0.11127 0.01465 3.42650 -0.00334 0.00139 -0.00285 0.99999
36608.118661 -0.11698 0.01731 3.46880 -0.00352 0.00137 -0.00341 0.99999
36608.128519 -0.13000 0.01968 3.50030 -0.00355 0.00171 -0.00319 0.99999
36608.138604 -0.13026 0.02725 3.56508 -0.00373 0.00211 -0.00441 0.99998
36608.148277 -0.13172 0.03132 3.64359 -0.00366 0.00196 -0.00423 0.99998
36608.158572 -0.14244 0.03212 3.65301 -0.00400 0.00203 -0.00525 0.99998
36608.168582 -0.13864 0.03070 3.71219 -0.00386 0.00210 -0.00495 0.99998
36608.178553 -0.13303 0.02334 3.77505 -0.00446 0.00198 -0.00421 0.99998
36608.188543 -0.13180 0.03130 3.84138 -0.00435 0.00210 -0.00462 0.99998
36608.198632 -0.14146 0.03530 3.87743 -0.00428 0.00207 -0.00461 0.99998
36608.208562 -0.13860 0.03313 3.89191 -0.00439 0.00195 -0.00431 0.99998
36608.218557 -0.15429 0.03424 3.93352 -0.00445 0.00215 -0.00536 0.99997
36608.228518 -0.15242 0.03642 3.99460 -0.00435 0.00242 -0.00434 0.99998
36608.238602 -0.16327 0.03683 4.04273 -0.00464 0.00247 -0.00460 0.99998
36608.248564 -0.15001 0.03959 4.09447 -0.00495 0.00229 -0.00514 0.99997
36608.258528 -0.14697 0.03833 4.13479 -0.00478 0.00214 -0.00433 0.99998
36608.268530 -0.15459 0.03691 4.21352 -0.00507 0.00208 -0.00496 0.99997
36608.278617 -0.15383 0.03716 4.27065 -0.00468 0.00259 -0.00551 0.99997
36608.288572 -0.15325 0.03479 4.33177 -0.00506 0.00224 -0.00574 0.99997
36608.298539 -0.16262 0.03975 4.39729 -0.00481 0.00274 -0.00615 0.99997
36608.308624 -0.17589 0.04727 4.41629 -0.00474 0.00293 -0.00666 0.99996
36608.318553 -0.17403 0.04482 4.47492 -0.00458 0.00282 -0.00616 0.99997
36608.328530 -0.17339 0.03443 4.52637 -0.00510 0.00241 -0.00541 0.99997
36608.338507 -0.16834 0.03458 4.57550 -0.00491 0.00247 -0.00609 0.99997
36608.348574 -0.16541 0.03534 4.61369 -0.00509 0.00202 -0.00641 0.99996
36608.358662 -0.17074 0.03965 4.64510 -0.00419 0.00245 -0.00633 0.99997
36608.368566 -0.16984 0.04292 4.71458 -0.00441 0.00241 -0.00696 0.99996
36608.378725 -0.19097 0.04823 4.77287 -0.00376 0.00289 -0.00743 0.99996
36608.388564 -0.18484 0.05025 4.85035 -0.00335 0.00299 -0.00738 0.99996
36608.398499 -0.18506 0.04536 4.90680 -0.00356 0.00286 -0.00779 0.99996
36608.408566 -0.18404 0.04108 4.95579 -0.00360 0.00283 -0.00774 0.99996
36608.418647 -0.18233 0.04155 5.00341 -0.00325 0.00288 -0.00843 0.99996
36608.428578 -0.17056 0.03736 5.07660 -0.00326 0.00253 -0.00751 0.99996
36608.438568 -0.17230 0.04215 5.12314 -0.00322 0.00265 -0.00787 0.99996
36608.448557 -0.18505 0.03514 5.21066 -0.00301 0.00301 -0.00648 0.99997
36608.458557 -0.18406 0.04276 5.21226 -0.00235 0.00265 -0.00770 0.99996
36608.468555 -0.18947 0.04039 5.27395 -0.00261 0.00261 -0.00809 0.99996
36608.478517 -0.18144 0.02916 5.32053 -0.00298 0.00248 -0.00671 0.99997
36608.488604 -0.19200 0.04330 5.35683 -0.00221 0.00271 -0.00802 0.99996
36608.498574 -0.20429 0.04235 5.41326 -0.00220 0.00299 -0.00760 0.99996
36608.508564 -0.19449 0.03661 5.49343 -0.00217 0.00262 -0.00697 0.99997
36608.518562 -0.19013 0.03908 5.55600 -0.00245 0.00289 -0.00836 0.99996
36608.528537 -0.19170 0.04056 5.64133 -0.00201 0.00274 -0.00815 0.99996
36608.538522 -0.18671 0.03936 5.68567 -0.00218 0.00269 -0.00732 0.99997
36608.548600 -0.18026 0.04127 5.77510 -0.00171 0.00277 -0.00615 0.99998
36608.558575 -0.19022 0.04373 5.76969 -0.00191 0.00281 -0.00837 0.99996
36608.568568 -0.19545 0.04974 5.81812 -0.00150 0.00328 -0.00818 0.99996
36608.578526 -0.20510 0.04353 5.87601 -0.00151 0.00317 -0.00878 0.99996
36608.588519 -0.20064 0.04613 5.95519 -0.00141 0.00316 -0.00779 0.99996
36608.598596 -0.19239 0.04191 5.97313 -0.00187 0.00303 -0.00801 0.99996
36608.608611 -0.19657 0.04186 6.03888 -0.00198 0.00326 -0.00770 0.99996
36608.618629 -0.19794 0.04125 6.10088 -0.00151 0.00320 -0.00875 0.99996
36608.628539 -0.19172 0.04702 6.18217 -0.00125 0.00327 -0.00839 0.99996
36608.638543 -0.19526 0.05014 6.23509 -0.00131 0.00307 -0.00789 0.99996
36608.648617 -0.20491 0.04546 6.27970 -0.00122 0.00343 -0.00767 0.99996
36608.658606 -0.20496 0.05393 6.33158 -0.00134 0.00331 -0.00906 0.99995
36608.668543 -0.20231 0.04841 6.37263 -0.00125 0.00330 -0.00853 0.99996
36608.678542 -0.20283 0.05161 6.44161 -0.00101 0.00329 -0.00890 0.99995
36608.688704 -0.18595 0.04260 6.49018 -0.00175 0.00296 -0.00703 0.99997
36608.698502 -0.19986 0.04974 6.56387 -0.00151 0.00272 -0.00891 0.99996
36608.708576 -0.20889 0.05374 6.60458 -0.00161 0.00384 -0.00797 0.99996
36608.718254 -0.21599 0.05298 6.65510 -0.00133 0.00340 -0.00938 0.99995
36608.728086 -0.22240 0.05730 6.69714 -0.00143 0.00382 -0.00918 0.99995
36608.738609 -0.22033 0.06001 6.79498 -0.00179 0.00378 -0.00922 0.99995
36608.748753 -0.21219 0.04660 6.86981 -0.00250 0.00345 -0.00937 0.99995
36608.758823 -0.22209 0.04248 6.90215 -0.00259 0.00414 -0.01048 0.99993
36608.768531 -0.23473 0.05513 6.93848 -0.00262 0.00424 -0.01189 0.99992
36608.778553 -0.23077 0.05536 7.03375 -0.00316 0.00434 -0.01037 0.99993
36608.788540 -0.23011 0.07320 7.07123 -0.00295 0.00426 -0.01099 0.99993
36608.798690 -0.23245 0.07130 7.14408 -0.00373 0.00437 -0.01065 0.99993
36608.808760 -0.24340 0.05471 7.16469 -0.00363 0.00474 -0.01168 0.99991
36608.818842 -0.23881 0.06252 7.21351 -0.00377 0.00483 -0.01193 0.99991
36608.828582 -0.24038 0.06213 7.28320 -0.00421 0.00468 -0.01258 0.99990
36608.838557 -0.24223 0.05240 7.36978 -0.00424 0.00469 -0.01196 0.99991
36608.848766 -0.25158 0.05876 7.43380 -0.00420 0.00501 -0.01138 0.99991
36608.858571 -0.25346 0.07723 7.45304 -0.00403 0.00496 -0.01200 0.99991
36608.868752 -0.25238 0.07823 7.54216 -0.00461 0.00494 -0.01227 0.99990
36608.878555 -0.25738 0.07344 7.59023 -0.00500 0.00507 -0.01203 0.99990
36608.888525 -0.26909 0.06673 7.63009 -0.00507 0.00514 -0.01199 0.99990
36608.898601 -0.27048 0.07079 7.68868 -0.00533 0.00525 -0.01159 0.99990
36608.908529 -0.26523 0.07545 7.74102 -0.00505 0.00503 -0.01255 0.99990
36608.918523 -0.27377 0.08708 7.81405 -0.00462 0.00508 -0.01297 0.99989
36608.928505 -0.27755 0.08055 7.88065 -0.00498 0.00552 -0.01267 0.99989
36608.938580 -0.27508 0.08375 7.93134 -0.00519 0.00494 -0.01279 0.99989
36608.948521 -0.27612 0.09153 8.00206 -0.00489 0.00553 -0.01272 0.99989
36608.958522 -0.28746 0.08234 8.03792 -0.00532 0.00538 -0.01329 0.99988
36608.968116 -0.26979 0.08719 8.11727 -0.00524 0.00509 -0.01326 0.99989
36608.978631 -0.27661 0.08269 8.19715 -0.00544 0.00503 -0.01342 0.99988
36608.988568 -0.27281 0.09099 8.24132 -0.00560 0.00517 -0.01337 0.99988
36608.998615 -0.27621 0.09217 8.28781 -0.00537 0.00499 -0.01331 0.99988
36609.008571 -0.28867 0.09498 8.35620 -0.00519 0.00539 -0.01339 0.99988
36609.018548 -0.29579 0.09639 8.41127 -0.00536 0.00568 -0.01424 0.99987
36609.028713 -0.29138 0.10363 8.46623 -0.00539 0.00528 -0.01303 0.99989
36609.038562 -0.29029 0.08551 8.55267 -0.00524 0.00568 -0.01317 0.99988
36609.048236 -0.29116 0.08660 8.59663 -0.00572 0.00583 -0.01425 0.99987
36609.058619 -0.29504 0.10454 8.63910 -0.00566 0.00595 -0.01359 0.99987
36609.068606 -0.31866 0.11456 8.68579 -0.00546 0.00604 -0.01392 0.99987
36609.078575 -0.31869 0.12595 8.73729 -0.00520 0.00610 -0.01285 0.99989
36609.088575 -0.32063 0.12002 8.77513 -0.00507 0.00643 -0.01379 0.99987
36609.098629 -0.31162 0.11339 8.85680 -0.00541 0.00626 -0.01456 0.99986
36609.108548 -0.32062 0.12196 8.92258 -0.00532 0.00657 -0.01476 0.99986
36609.118671 -0.31290 0.10247 9.00006 -0.00525 0.00635 -0.01403 0.99987
36609.128543 -0.30285 0.10620 9.08637 -0.00522 0.00597 -0.01429 0.99987
36609.138612 -0.29587 0.09420 9.13277 -0.00586 0.00592 -0.01349 0.99987
36609.148527 -0.29140 0.09507 9.22254 -0.00587 0.00585 -0.01404 0.99987
36609.158658 -0.30748 0.10320 9.26340 -0.00577 0.00646 -0.01353 0.99987
36609.168549 -0.30704 0.09839 9.32058 -0.00569 0.00649 -0.01363 0.99987
36609.178549 -0.30709 0.09539 9.38315 -0.00580 0.00622 -0.01409 0.99986
36609.188541 -0.30146 0.09410 9.44881 -0.00595 0.00623 -0.01454 0.99986
36609.198706 -0.29844 0.09681 9.50799 -0.00561 0.00645 -0.01416 0.99986
36609.208553 -0.30061 0.10301 9.56852 -0.00562 0.00628 -0.01402 0.99987
36609.218574 -0.30227 0.10326 9.62519 -0.00535 0.00642 -0.01508 0.99985
36609.228578 -0.29753 0.09840 9.67568 -0.00562 0.00625 -0.01427 0.99986
36609.238539 -0.29665 0.10548 9.75322 -0.00521 0.00628 -0.01449 0.99986
36609.248512 -0.30094 0.10462 9.80480 -0.00537 0.00658 -0.01484 0.99985
36609.258581 -0.30408 0.10331 9.86861 -0.00549 0.00645 -0.01464 0.99986
36609.268575 -0.29970 0.10543 9.95096 -0.00539 0.00645 -0.01557 0.99984
36609.278549 -0.29832 0.09757 9.98977 -0.00576 0.00643 -0.01561 0.99984
36609.288638 -0.30299 0.10330 10.07916 -0.00549 0.00680 -0.01592 0.99984
36609.298557 -0.29863 0.10816 10.10904 -0.00539 0.00660 -0.01515 0.99985
36609.308509 -0.29032 0.09264 10.15177 -0.00572 0.00642 -0.01633 0.99983
36609.318580 -0.29717 0.10230 10.23311 -0.00553 0.00643 -0.01593 0.99984
36609.328531 -0.29600 0.09801 10.30949 -0.00558 0.00613 -0.01609 0.99984
36609.338619 -0.29790 0.10473 10.36668 -0.00562 0.00645 -0.01658 0.99983
36609.348545 -0.30348 0.10804 10.42508 -0.00553 0.00638 -0.01646 0.99983
36609.358629 -0.29715 0.11358 10.47506 -0.00572 0.00630 -0.01702 0.99982
36609.368560 -0.30110 0.11009 10.54965 -0.00568 0.00653 -0.01718 0.99981
36609.378649 -0.31129 0.12068 10.61069 -0.00561 0.00678 -0.01759 0.99981
36609.388564 -0.29595 0.10879 10.68033 -0.00591 0.00670 -0.01759 0.99981
36609.398134 -0.30606 0.11320 10.74474 -0.00587 0.00651 -0.01789 0.99980
36609.408575 -0.29774 0.11398 10.77571 -0.00583 0.00644 -0.01766 0.99981
36609.418554 -0.30814 0.11856 10.84134 -0.00592 0.00706 -0.01818 0.99979
36609.428636 -0.29849 0.11490 10.93179 -0.00603 0.00669 -0.01819 0.99979
36609.438564 -0.30371 0.11935 10.97284 -0.00578 0.00671 -0.01822 0.99979
36609.448640 -0.30152 0.11934 11.03325 -0.00587 0.00651 -0.01849 0.99979
36609.458568 -0.29995 0.11210 11.10322 -0.00591 0.00664 -0.01803 0.99980
36609.468658 -0.29735 0.11931 11.15554 -0.00585 0.00638 -0.01905 0.99978
36609.478560 -0.30068 0.11687 11.21331 -0.00599 0.00644 -0.01829 0.99979
36609.488644 -0.30067 0.11712 11.31856 -0.00559 0.00650 -0.01811 0.99980
36609.498523 -0.30248 0.12345 11.34131 -0.00556 0.00646 -0.01853 0.99979
36609.508612 -0.29949 0.11798 11.39583 -0.00576 0.00639 -0.01889 0.99978
36609.518679 -0.29227 0.12069 11.46880 -0.00581 0.00633 -0.01799 0.99980
36609.528606 -0.29849 0.12275 11.52386 -0.00577 0.00664 -0.01817 0.99980
36609.538679 -0.29149 0.12717 11.61035 -0.00546 0.00640 -0.01898 0.99978
36609.548530 -0.30150 0.12460 11.65378 -0.00546 0.00627 -0.01899 0.99979
36609.558622 -0.30095 0.11705 11.71083 -0.00569 0.00623 -0.01849 0.99979
36609.568534 -0.29424 0.12186 11.76592 -0.00553 0.00647 -0.01894 0.99978
36609.578525 -0.30033 0.12897 11.86199 -0.00534 0.00651 -0.01904 0.99978
36609.588529 -0.30700 0.12068 11.88539 -0.00547 0.00665 -0.01870 0.99979
36609.598604 -0.29619 0.12331 11.94285 -0.00537 0.00641 -0.01918 0.99978
36609.608563 -0.29229 0.11939 11.99969 -0.00547 0.00640 -0.01832 0.99980
36609.618650 -0.29240 0.11728 12.05086 -0.00555 0.00649 -0.01865 0.99979
36609.628217 -0.30210 0.12717 12.12255 -0.00540 0.00657 -0.01870 0.99979
36609.638613 -0.29609 0.12435 12.21968 -0.00547 0.00655 -0.01789 0.99980
36609.648677 -0.31358 0.12577 12.22976 -0.00548 0.00666 -0.01846 0.99979
36609.658569 -0.30757 0.12901 12.30389 -0.00535 0.00699 -0.01798 0.99980
36609.668656 -0.29831 0.12661 12.38286 -0.00515 0.00653 -0.01858 0.99979
36609.678605 -0.29882 0.12629 12.44044 -0.00484 0.00671 -0.01801 0.99980
36609.688545 -0.29666 0.12779 12.51417 -0.00494 0.00678 -0.01825 0.99980
36609.698634 -0.31246 0.13287 12.56420 -0.00506 0.00713 -0.01816 0.99980
36609.708702 -0.30769 0.13217 12.63423 -0.00525 0.00705 -0.01830 0.99979
36609.718550 -0.29450 0.13466 12.71294 -0.00503 0.00696 -0.01811 0.99980
36609.728642 -0.30367 0.12775 12.75657 -0.00512 0.00736 -0.01886 0.99978
36609.738523 -0.30853 0.13154 12.83853 -0.00494 0.00713 -0.01898 0.99978
36609.748599 -0.29676 0.12780 12.92599 -0.00523 0.00717 -0.01820 0.99979
36609.758532 -0.30483 0.14265 12.93919 -0.00491 0.00708 -0.01782 0.99980
36609.768520 -0.29360 0.14305 13.01610 -0.00459 0.00714 -0.01796 0.99980
36609.778597 -0.29586 0.14171 13.09219 -0.00455 0.00735 -0.01820 0.99980
36609.788672 -0.30308 0.14259 13.14887 -0.00474 0.00739 -0.01912 0.99978
36609.798526 -0.28846 0.13809 13.20970 -0.00465 0.00737 -0.01759 0.99981
36609.808612 -0.28580 0.12729 13.25867 -0.00482 0.00757 -0.01744 0.99981
36609.818512 -0.29574 0.14160 13.32803 -0.00488 0.00778 -0.01762 0.99980
36609.828583 -0.29538 0.14644 13.39951 -0.00448 0.00756 -0.01789 0.99980
36609.838162 -0.28882 0.14299 13.45281 -0.00446 0.00748 -0.01673 0.99982
36609.848600 -0.29859 0.14139 13.52327 -0.00460 0.00775 -0.01752 0.99981
36609.858667 -0.29412 0.14121 13.55726 -0.00451 0.00796 -0.01742 0.99981
36609.868564 -0.28997 0.15070 13.62082 -0.00423 0.00793 -0.01728 0.99981
36609.878548 -0.29497 0.13950 13.69716 -0.00447 0.00778 -0.01702 0.99981
36609.888635 -0.29057 0.15086 13.78116 -0.00416 0.00810 -0.01725 0.99981
36609.898698 -0.28846 0.14076 13.83565 -0.00419 0.00806 -0.01727 0.99981
36609.908611 -0.29631 0.14677 13.85987 -0.00461 0.00828 -0.01761 0.99980
36609.918679 -0.29551 0.15137 13.92882 -0.00448 0.00815 -0.01748 0.99980
36609.928555 -0.30064 0.14277 14.00812 -0.00461 0.00872 -0.01859 0.99978
36609.938641 -0.29664 0.14679 14.04300 -0.00417 0.00872 -0.01678 0.99981
36609.948534 -0.29045 0.13884 14.14275 -0.00432 0.00879 -0.01759 0.99980
36609.958619 -0.30456 0.16903 14.16842 -0.00422 0.00885 -0.01821 0.99979
36609.968560 -0.32051 0.16479 14.20897 -0.00446 0.00912 -0.01807 0.99979
36609.978540 -0.31132 0.16071 14.32742 -0.00435 0.00945 -0.01837 0.99978
36609.988628 -0.30914 0.15508 14.37986 -0.00439 0.00972 -0.01739 0.99979
36609.998528 -0.29758 0.15891 14.41480 -0.00466 0.00988 -0.01683 0.99980
36610.008615 -0.31024 0.16562 14.46779 -0.00498 0.00985 -0.01791 0.99978
36610.018575 -0.30588 0.16818 14.57229 -0.00483 0.01015 -0.01755 0.99978
36610.028540 -0.31210 0.16779 14.62084 -0.00497 0.01028 -0.01799 0.99977
36610.038627 -0.30783 0.16280 14.70743 -0.00467 0.01047 -0.01740 0.99978
36610.048539 -0.31305 0.16728 14.78791 -0.00507 0.01065 -0.01742 0.99978
36610.058124 -0.31530 0.17146 14.79385 -0.00540 0.01096 -0.01739 0.99977
36610.068627 -0.30355 0.16430 14.87484 -0.00582 0.01113 -0.01778 0.99976
36610.078573 -0.29077 0.16083 14.93012 -0.00615 0.01111 -0.01760 0.99976
36610.088660 -0.28594 0.15751 14.98291 -0.00614 0.01090 -0.01682 0.99978
36610.098574 -0.28363 0.15010 15.06337 -0.00608 0.01102 -0.01736 0.99977
36610.108515 -0.30665 0.16607 15.10583 -0.00611 0.01152 -0.01734 0.99976
36610.118582 -0.29934 0.15884 15.18411 -0.00608 0.01167 -0.01783 0.99975
36610.128561 -0.30176 0.17077 15.23101 -0.00622 0.01214 -0.01812 0.99974
36610.138743 -0.30017 0.16973 15.32479 -0.00638 0.01221 -0.01720 0.99976
36610.148806 -0.28879 0.16393 15.38687 -0.00635 0.01239 -0.01863 0.99973
36610.158559 -0.30696 0.16870 15.40970 -0.00646 0.01279 -0.01849 0.99973
36610.168532 -0.30048 0.17050 15.49676 -0.00680 0.01245 -0.01824 0.99973
36610.178619 -0.29898 0.16931 15.57916 -0.00680 0.01299 -0.01801 0.99973
36610.188545 -0.29835 0.16805 15.63526 -0.00667 0.01297 -0.01772 0.99974
36610.198635 -0.29387 0.16709 15.68640 -0.00684 0.01308 -0.01744 0.99974
36610.208559 -0.29545 0.16989 15.70478 -0.00683 0.01321 -0.01783 0.99973
36610.218735 -0.30284 0.16810 15.78713 -0.00716 0.01343 -0.01724 0.99974
36610.228803 -0.30099 0.17641 15.85863 -0.00716 0.01365 -0.01792 0.99972
36610.238582 -0.29015 0.17057 15.93948 -0.00714 0.01348 -0.01752 0.99973
36610.248513 -0.28951 0.17469 16.00078 -0.00715 0.01395 -0.01733 0.99973
36610.258583 -0.29898 0.17136 16.03822 -0.00724 0.01403 -0.01830 0.99971
36610.268546 -0.30662 0.17077 16.10481 -0.00710 0.01448 -0.01713 0.99972
36610.278715 -0.29221 0.18143 16.17042 -0.00731 0.01475 -0.01669 0.99973
36610.288784 -0.27821 0.17292 16.22337 -0.00746 0.01455 -0.01619 0.99974
36610.298545 -0.28369 0.16822 16.28907 -0.00751 0.01471 -0.01661 0.99973
36610.308633 -0.28951 0.17350 16.34785 -0.00707 0.01509 -0.01722 0.99971
36610.318556 -0.29923 0.17797 16.40251 -0.00717 0.01537 -0.01773 0.99970
36610.328522 -0.28885 0.17246 16.50172 -0.00753 0.01560 -0.01742 0.99970
36610.338612 -0.28011 0.17431 16.55461 -0.00757 0.01558 -0.01669 0.99971
36610.348520 -0.28206 0.17506 16.60301 -0.00749 0.01563 -0.01667 0.99971
36610.358606 -0.28816 0.17983 16.64924 -0.00738 0.01648 -0.01706 0.99969
36610.368606 -0.28636 0.17760 16.71444 -0.00715 0.01666 -0.01656 0.99970
36610.378550 -0.28924 0.17971 16.76380 -0.00685 0.01686 -0.01662 0.99970
36610.388637 -0.28714 0.18200 16.84656 -0.00729 0.01706 -0.01659 0.99969
36610.398539 -0.27636 0.17665 16.93830 -0.00661 0.01719 -0.01683 0.99969
36610.408524 -0.27752 0.18544 16.96212 -0.00712 0.01730 -0.01688 0.99968
36610.418615 -0.28232 0.18655 17.02319 -0.00692 0.01735 -0.01667 0.99969
36610.428541 -0.28332 0.18530 17.06947 -0.00709 0.01796 -0.01658 0.99968
36610.438623 -0.27980 0.18654 17.14845 -0.00670 0.01774 -0.01652 0.99968
36610.448763 -0.28101 0.17766 17.19103 -0.00690 0.01832 -0.01791 0.99965
36610.458618 -0.27673 0.18307 17.23674 -0.00691 0.01835 -0.01720 0.99966
36610.468686 -0.29213 0.19865 17.33753 -0.00624 0.01871 -0.01765 0.99965
36610.478560 -0.28113 0.19760 17.36725 -0.00650 0.01895 -0.01678 0.99966
36610.488534 -0.28404 0.18787 17.45581 -0.00657 0.01939 -0.01662 0.99965
36610.498528 -0.26249 0.19210 17.55124 -0.00677 0.01915 -0.01624 0.99966
36610.508645 -0.28250 0.19499 17.54650 -0.00623 0.01991 -0.01727 0.99963
36610.518535 -0.29548 0.19157 17.60647 -0.00663 0.01998 -0.01748 0.99963
36610.528614 -0.28089 0.19536 17.69647 -0.00644 0.02000 -0.01786 0.99962
36610.538582 -0.27634 0.19627 17.76298 -0.00642 0.02030 -0.01677 0.99963
36610.548568 -0.25816 0.20373 17.82887 -0.00610 0.02041 -0.01645 0.99964
36610.558652 -0.28129 0.20955 17.86585 -0.00657 0.02094 -0.01665 0.99962
36610.568603 -0.28853 0.21415 17.90384 -0.00631 0.02099 -0.01695 0.99962
36610.578544 -0.27906 0.19783 17.97158 -0.00647 0.02147 -0.01763 0.99959
36610.588635 -0.27518 0.19846 18.05886 -0.00658 0.02144 -0.01691 0.99961
36610.598568 -0.26568 0.19783 18.13209 -0.00670 0.02135 -0.01653 0.99961
36610.608581 -0.27542 0.21004 18.13681 -0.00709 0.02171 -0.01605 0.99961
36610.618169 -0.27610 0.21349 18.17117 -0.00681 0.02204 -0.01690 0.99959
36610.628628 -0.27195 0.20858 18.27486 -0.00688 0.02204 -0.01769 0.99958
36610.638544 -0.27801 0.21448 18.32215 -0.00672 0.02245 -0.01681 0.99958
36610.648523 -0.26442 0.20630 18.40778 -0.00708 0.02240 -0.01734 0.99957
36610.658607 -0.27301 0.22083 18.40879 -0.00666 0.02264 -0.01721 0.99957
36610.668555 -0.27141 0.22087 18.46997 -0.00658 0.02289 -0.01707 0.99957
36610.678138 -0.27480 0.21664 18.54602 -0.00686 0.02307 -0.01677 0.99957
36610.688143 -0.26524 0.22482 18.59088 -0.00697 0.02351 -0.01672 0.99956
36610.698629 -0.26379 0.21571 18.68569 -0.00754 0.02343 -0.01740 0.99955
36610.708700 -0.26175 0.22633 18.70630 -0.00671 0.02346 -0.01684 0.99956
36610.718576 -0.26488 0.22190 18.76890 -0.00693 0.02366 -0.01679 0.99956
36610.728532 -0.26335 0.22166 18.82458 -0.00682 0.02377 -0.01707 0.99955
36610.738620 -0.24106 0.21205 18.91929 -0.00700 0.02386 -0.01590 0.99956
36610.748542 -0.25311 0.22331 18.96201 -0.00670 0.02398 -0.01700 0.99955
36610.758539 -0.25541 0.22508 18.99395 -0.00686 0.02419 -0.01658 0.99955
36610.768620 -0.25616 0.22377 19.03630 -0.00657 0.02465 -0.01658 0.99954
36610.778537 -0.25001 0.22515 19.09345 -0.00660 0.02491 -0.01684 0.99953
36610.788625 -0.24551 0.23135 19.17027 -0.00637 0.02479 -0.01692 0.99953
36610.798547 -0.23729 0.21929 19.23598 -0.00654 0.02493 -0.01589 0.99954
36610.808709 -0.24435 0.22880 19.24112 -0.00662 0.02500 -0.01636 0.99953
36610.818789 -0.24700 0.23402 19.33796 -0.00628 0.02511 -0.01724 0.99952
36610.828533 -0.22883 0.22892 19.41743 -0.00644 0.02541 -0.01637 0.99952
36610.838625 -0.23913 0.22463 19.46751 -0.00685 0.02561 -0.01660 0.99951
36610.848533 -0.23595 0.22777 19.52914 -0.00663 0.02567 -0.01585 0.99952
36610.858620 -0.23379 0.22771 19.55169 -0.00662 0.02578 -0.01569 0.99952
36610.868569 -0.22182 0.22716 19.61937 -0.00706 0.02575 -0.01589 0.99952
36610.878559 -0.21629 0.22951 19.67544 -0.00642 0.02579 -0.01546 0.99953
36610.888649 -0.22411 0.22537 19.73179 -0.00679 0.02616 -0.01579 0.99951
36610.898524 -0.22307 0.22017 19.80173 -0.00672 0.02602 -0.01617 0.99951
36610.908612 -0.21898 0.22706 19.82844 -0.00635 0.02649 -0.01614 0.99950
36610.918572 -0.21924 0.22763 19.91850 -0.00692 0.02655 -0.01504 0.99951
36610.928582 -0.21681 0.22919 19.94289 -0.00645 0.02665 -0.01505 0.99951
36610.938670 -0.20469 0.22428 20.00915 -0.00643 0.02654 -0.01595 0.99950
36610.948522 -0.20541 0.22925 20.07609 -0.00617 0.02680 -0.01553 0.99950
36610.958606 -0.20641 0.22886 20.12514 -0.00676 0.02696 -0.01477 0.99950
36610.968544 -0.20239 0.22081 20.18823 -0.00649 0.02713 -0.01503 0.99950
36610.978659 -0.20018 0.21915 20.22675 -0.00675 0.02752 -0.01572 0.99947
36610.988641 -0.20405 0.22155 20.26169 -0.00665 0.02741 -0.01493 0.99949
36610.998540 -0.20015 0.22952 20.33507 -0.00651 0.02750 -0.01484 0.99949
36611.008634 -0.20005 0.22582 20.36581 -0.00667 0.02780 -0.01550 0.99947
36611.018544 -0.18873 0.22216 20.46226 -0.00660 0.02772 -0.01459 0.99949
36611.028646 -0.17719 0.22537 20.52230 -0.00645 0.02759 -0.01356 0.99951
36611.038210 -0.18186 0.22082 20.55869 -0.00621 0.02792 -0.01517 0.99948
36611.048614 -0.18127 0.22448 20.63124 -0.00648 0.02802 -0.01510 0.99947
36611.058543 -0.18885 0.22745 20.65985 -0.00668 0.02829 -0.01510 0.99946
36611.068627 -0.17696 0.22485 20.70793 -0.00637 0.02825 -0.01544 0.99946
36611.078556 -0.18183 0.22738 20.80291 -0.00693 0.02841 -0.01541 0.99945
36611.088535 -0.18212 0.23393 20.87023 -0.00639 0.02863 -0.01523 0.99945
36611.098615 -0.17646 0.23260 20.89989 -0.00667 0.02888 -0.01513 0.99945
36611.108682 -0.17913 0.22075 20.91650 -0.00673 0.02881 -0.01585 0.99944
36611.118605 -0.17004 0.22435 20.97831 -0.00680 0.02898 -0.01529 0.99944
36611.128675 -0.16279 0.22360 21.04902 -0.00676 0.02923 -0.01592 0.99942
36611.138559 -0.16751 0.23503 21.10578 -0.00694 0.02896 -0.01442 0.99945
36611.148632 -0.16654 0.22847 21.15816 -0.00671 0.02949 -0.01622 0.99941
36611.158501 -0.16097 0.22802 21.20541 -0.00722 0.02960 -0.01574 0.99941
36611.168571 -0.16015 0.22626 21.25673 -0.00703 0.02940 -0.01569 0.99942
36611.178659 -0.14768 0.22679 21.30896 -0.00671 0.02957 -0.01534 0.99942
36611.188162 -0.16595 0.22507 21.35322 -0.00712 0.03014 -0.01594 0.99939
36611.198692 -0.14737 0.22664 21.42033 -0.00709 0.02957 -0.01504 0.99942
36611.208554 -0.14131 0.22832 21.45986 -0.00723 0.03008 -0.01637 0.99939
36611.218661 -0.14497 0.23255 21.50911 -0.00716 0.03031 -0.01593 0.99939
36611.228576 -0.14517 0.23353 21.58127 -0.00687 0.02994 -0.01605 0.99940
36611.238654 -0.14259 0.23199 21.61590 -0.00718 0.03068 -0.01624 0.99937
36611.248515 -0.14000 0.22759 21.73438 -0.00702 0.03056 -0.01500 0.99940
36611.258610 -0.12692 0.22668 21.68754 -0.00765 0.03034 -0.01541 0.99939
36611.268533 -0.13362 0.22757 21.79586 -0.00728 0.03078 -0.01616 0.99937
36611.278628 -0.12221 0.22686 21.86389 -0.00743 0.03088 -0.01573 0.99937
36611.288564 -0.11572 0.22513 21.90929 -0.00722 0.03085 -0.01584 0.99937
36611.298656 -0.12190 0.21974 21.99010 -0.00732 0.03132 -0.01617 0.99935
36611.308533 -0.11751 0.22090 21.99784 -0.00782 0.03095 -0.01544 0.99937
36611.318626 -0.10545 0.22563 22.04231 -0.00761 0.03114 -0.01505 0.99937
36611.328572 -0.11108 0.22616 22.09791 -0.00760 0.03141 -0.01543 0.99936
36611.338663 -0.10188 0.22214 22.14855 -0.00767 0.03110 -0.01512 0.99937
36611.348540 -0.10115 0.22447 22.22901 -0.00745 0.03134 -0.01516 0.99937
36611.358626 -0.11059 0.22408 22.26169 -0.00787 0.03168 -0.01588 0.99934
36611.368549 -0.09711 0.22844 22.31228 -0.00779 0.03171 -0.01499 0.99935
36611.378503 -0.09809 0.21910 22.36883 -0.00783 0.03177 -0.01506 0.99935
36611.388571 -0.10001 0.23151 22.44543 -0.00784 0.03188 -0.01546 0.99934
36611.398649 -0.09397 0.22715 22.49291 -0.00811 0.03199 -0.01528 0.99934
36611.408558 -0.08188 0.23360 22.52149 -0.00769 0.03190 -0.01536 0.99934
36611.418139 -0.07952 0.21862 22.56379 -0.00798 0.03219 -0.01453 0.99934
36611.428605 -0.09165 0.22718 22.66982 -0.00802 0.03251 -0.01506 0.99933
36611.438513 -0.08139 0.22180 22.71675 -0.00789 0.03229 -0.01506 0.99933
36611.448580 -0.08038 0.22846 22.76146 -0.00771 0.03282 -0.01629 0.99930
36611.458518 -0.07120 0.22450 22.79255 -0.00806 0.03240 -0.01480 0.99933
36611.468604 -0.06631 0.22151 22.85520 -0.00839 0.03279 -0.01595 0.99930
36611.478579 -0.06356 0.21879 22.90986 -0.00836 0.03281 -0.01526 0.99931
36611.488663 -0.06193 0.21827 22.97682 -0.00861 0.03282 -0.01501 0.99931
36611.498553 -0.05069 0.22201 23.03092 -0.00854 0.03301 -0.01462 0.99931
36611.508644 -0.05031 0.22854 23.08531 -0.00797 0.03276 -0.01411 0.99933
36611.518538 -0.05121 0.23185 23.14366 -0.00819 0.03297 -0.01435 0.99932
36611.528633 -0.03225 0.22579 23.20251 -0.00833 0.03310 -0.01455 0.99931
36611.538529 -0.03688 0.21918 23.24139 -0.00818 0.03334 -0.01419 0.99931
36611.548602 -0.03828 0.22473 23.31315 -0.00856 0.03317 -0.01431 0.99931
36611.558568 -0.03675 0.22220 23.34303 -0.00876 0.03338 -0.01456 0.99930
36611.568651 -0.03613 0.23301 23.37184 -0.00809 0.03359 -0.01479 0.99929
36611.578620 -0.03381 0.23213 23.46223 -0.00849 0.03346 -0.01465 0.99930
36611.588699 -0.03427 0.21799 23.50235 -0.00833 0.03357 -0.01431 0.99930
36611.598526 -0.01992 0.22548 23.55712 -0.00836 0.03360 -0.01450 0.99930
36611.608607 -0.02980 0.22937 23.58116 -0.00829 0.03374 -0.01405 0.99930
36611.618548 -0.00006 0.23853 23.63859 -0.00790 0.03338 -0.01474 0.99930
36611.628636 -0.00579 0.23266 23.71373 -0.00812 0.03379 -0.01358 0.99930
36611.638550 -0.00447 0.24229 23.75265 -0.00764 0.03393 -0.01413 0.99930
36611.648515 -0.01327 0.23270 23.80977 -0.00820 0.03435 -0.01423 0.99928
36611.658582 -0.01523 0.24249 23.84814 -0.00781 0.03443 -0.01442 0.99927
36611.668672 -0.00400 0.24982 23.89877 -0.00737 0.03449 -0.01469 0.99927
36611.678575 0.00006 0.24203 23.99223 -0.00770 0.03445 -0.01464 0.99927
36611.688659 0.00120 0.23317 24.02115 -0.00782 0.03473 -0.01487 0.99926
36611.698548 -0.00059 0.23376 24.10424 -0.00798 0.03489 -0.01404 0.99926
36611.708629 -0.00668 0.25481 24.09450 -0.00742 0.03472 -0.01479 0.99926
36611.718553 -0.01183 0.26294 24.15945 -0.00702 0.03516 -0.01525 0.99924
36611.728641 -0.01822 0.26370 24.18371 -0.00700 0.03509 -0.01509 0.99925
36611.738563 0.00619 0.25244 24.25916 -0.00713 0.03522 -0.01437 0.99925
36611.748136 0.01707 0.23901 24.34967 -0.00758 0.03502 -0.01318 0.99927
36611.758625 0.01691 0.25713 24.39212 -0.00740 0.03512 -0.01406 0.99926
36611.768536 0.03962 0.25314 24.46239 -0.00786 0.03529 -0.01349 0.99926
36611.778620 0.04790 0.23922 24.52688 -0.00793 0.03505 -0.01308 0.99927
36611.788550 0.05052 0.24443 24.55905 -0.00809 0.03518 -0.01312 0.99926
36611.798637 0.06188 0.23301 24.62524 -0.00830 0.03516 -0.01249 0.99927
36611.808606 0.04314 0.25073 24.66417 -0.00800 0.03549 -0.01328 0.99925
36611.818569 0.04435 0.25296 24.70505 -0.00825 0.03572 -0.01337 0.99924
36611.828667 0.05147 0.24674 24.78499 -0.00803 0.03573 -0.01298 0.99924
36611.838563 0.05475 0.25110 24.81830 -0.00783 0.03597 -0.01333 0.99923
36611.848639 0.06312 0.24257 24.89951 -0.00791 0.03614 -0.01400 0.99922
36611.858555 0.06463 0.24825 24.93176 -0.00788 0.03617 -0.01394 0.99922
36611.868643 0.05975 0.24201 24.99551 -0.00807 0.03619 -0.01310 0.99923
36611.878553 0.07265 0.25201 25.03090 -0.00781 0.03607 -0.01227 0.99924
36611.888641 0.07176 0.26439 25.08396 -0.00763 0.03603 -0.01334 0.99923
36611.898551 0.08145 0.25416 25.13971 -0.00785 0.03611 -0.01287 0.99923
36611.908706 0.07820 0.25859 25.19718 -0.00758 0.03631 -0.01248 0.99923
36611.918779 0.07516 0.25351 25.25658 -0.00731 0.03665 -0.01327 0.99921
36611.928604 0.08157 0.26422 25.31098 -0.00716 0.03638 -0.01324 0.99922
36611.938672 0.09409 0.25591 25.36544 -0.00730 0.03669 -0.01363 0.99921
36611.948548 0.09595 0.24590 25.41708 -0.00764 0.03662 -0.01307 0.99921
36611.958540 0.09553 0.25585 25.46427 -0.00760 0.03684 -0.01338 0.99920
36611.968123 0.09157 0.26116 25.50897 -0.00702 0.03699 -0.01276 0.99921
36611.978628 0.10399 0.25732 25.57763 -0.00666 0.03695 -0.01370 0.99920
36611.988698 0.11331 0.26452 25.61789 -0.00665 0.03684 -0.01337 0.99921
36611.998599 0.11357 0.25930 25.70049 -0.00697 0.03701 -0.01247 0.99921
36612.008513 0.11518 0.26395 25.73767 -0.00662 0.03699 -0.01324 0.99921
36612.018605 0.11060 0.26668 25.78203 -0.00679 0.03774 -0.01444 0.99916
36612.028539 0.12515 0.26655 25.85441 -0.00690 0.03744 -0.01291 0.99919
36612.038625 0.12922 0.26827 25.89675 -0.00684 0.03740 -0.01383 0.99918
36612.048568 0.12588 0.27297 25.96687 -0.00635 0.03739 -0.01362 0.99919
36612.058533 0.13196 0.27987 25.99160 -0.00650 0.03734 -0.01316 0.99919
36612.068625 0.13622 0.27426 26.07737 -0.00677 0.03775 -0.01274 0.99918
36612.078564 0.14726 0.27250 26.12128 -0.00675 0.03751 -0.01347 0.99918
36612.088524 0.14302 0.27689 26.17677 -0.00634 0.03748 -0.01346 0.99919
36612.098600 0.13598 0.27428 26.20464 -0.00620 0.03765 -0.01359 0.99918
36612.108536 0.15374 0.27703 26.27323 -0.00678 0.03766 -0.01350 0.99918
36612.118535 0.15827 0.27241 26.31675 -0.00690 0.03793 -0.01261 0.99918
36612.128626 0.16101 0.28110 26.36894 -0.00647 0.03791 -0.01284 0.99918
36612.138553 0.16837 0.28838 26.45613 -0.00647 0.03813 -0.01331 0.99916
36612.148135 0.17554 0.28422 26.48271 -0.00658 0.03793 -0.01344 0.99917
36612.158607 0.18064 0.28127 26.53344 -0.00713 0.03771 -0.01284 0.99918
36612.168550 0.18291 0.28427 26.58990 -0.00670 0.03807 -0.01256 0.99917
36612.178547 0.18182 0.27500 26.65153 -0.00687 0.03843 -0.01412 0.99914
36612.188626 0.19217 0.28286 26.70373 -0.00649 0.03806 -0.01332 0.99917
36612.198540 0.19849 0.29221 26.76230 -0.00632 0.03813 -0.01187 0.99918
36612.208124 0.19908 0.28982 26.79427 -0.00628 0.03825 -0.01226 0.99917
36612.218552 0.21000 0.28469 26.86315 -0.00657 0.03828 -0.01290 0.99916
36612.228642 0.21034 0.28075 26.90765 -0.00635 0.03809 -0.01231 0.99918
36612.238555 0.22725 0.28277 26.96743 -0.00649 0.03792 -0.01115 0.99920
36612.248638 0.21769 0.28452 27.01279 -0.00673 0.03827 -0.01326 0.99916
36612.258564 0.21933 0.27730 27.06450 -0.00643 0.03863 -0.01183 0.99916
36612.268554 0.22402 0.28019 27.10974 -0.00577 0.03861 -0.01182 0.99917
36612.278644 0.22538 0.27646 27.17488 -0.00644 0.03868 -0.01151 0.99916
36612.288575 0.23160 0.27844 27.23306 -0.00617 0.03863 -0.01151 0.99917
36612.298724 0.23732 0.28466 27.28434 -0.00590 0.03847 -0.01172 0.99917
36612.308565 0.24712 0.27654 27.34031 -0.00678 0.03855 -0.01282 0.99915
36612.318648 0.25134 0.28160 27.38859 -0.00605 0.03874 -0.01136 0.99917
36612.328562 0.25933 0.27803 27.44136 -0.00609 0.03879 -0.01214 0.99915
36612.338539 0.26277 0.27937 27.50149 -0.00584 0.03865 -0.01226 0.99916
36612.348623 0.28160 0.27622 27.55243 -0.00614 0.03846 -0.01188 0.99917
36612.358562 0.27980 0.26918 27.56389 -0.00694 0.03881 -0.01303 0.99914
36612.368724 0.28650 0.26901 27.65739 -0.00660 0.03874 -0.01231 0.99915
36612.378536 0.29113 0.27434 27.69469 -0.00676 0.03858 -0.01231 0.99916
36612.388619 0.30119 0.27953 27.76962 -0.00649 0.03875 -0.01272 0.99915
36612.398543 0.29794 0.28196 27.82839 -0.00643 0.03885 -0.01204 0.99915
36612.408513 0.31240 0.27650 27.86097 -0.00655 0.03876 -0.01212 0.99915
36612.418582 0.30561 0.27352 27.89331 -0.00641 0.03906 -0.01274 0.99914
36612.428575 0.31688 0.27539 27.96578 -0.00664 0.03908 -0.01314 0.99913
36612.438745 0.30992 0.26421 28.01261 -0.00674 0.03935 -0.01292 0.99912
36612.448504 0.31686 0.26649 28.08875 -0.00700 0.03925 -0.01334 0.99912
36612.458574 0.33452 0.26124 28.10630 -0.00679 0.03926 -0.01205 0.99913
36612.468554 0.35084 0.26718 28.17049 -0.00678 0.03901 -0.01339 0.99913
36612.488520 0.35435 0.26820 28.27215 -0.00689 0.03899 -0.01199 0.99914
36612.498597 0.35604 0.24606 28.32392 -0.00668 0.03924 -0.01384 0.99911
36612.508542 0.36630 0.24702 28.34299 -0.00746 0.03923 -0.01252 0.99912
36612.518122 0.35616 0.25812 28.40990 -0.00698 0.03941 -0.01307 0.99911
36612.528566 0.37513 0.25397 28.46997 -0.00745 0.03906 -0.01323 0.99912
36612.538539 0.38431 0.25031 28.52230 -0.00688 0.03936 -0.01262 0.99912
36612.548499 0.37614 0.25797 28.58312 -0.00725 0.03917 -0.01260 0.99913
36612.558580 0.39365 0.24291 28.61315 -0.00797 0.03928 -0.01250 0.99912
36612.568735 0.41485 0.26080 28.69902 -0.00730 0.03892 -0.01259 0.99914
36612.578529 0.41849 0.25757 28.73624 -0.00742 0.03912 -0.01232 0.99913
36612.588119 0.43187 0.25520 28.79383 -0.00775 0.03895 -0.01288 0.99913
36612.598634 0.42041 0.27330 28.85621 -0.00691 0.03927 -0.01168 0.99914
36612.608555 0.44791 0.25761 28.90941 -0.00728 0.03884 -0.01212 0.99915
36612.618546 0.44625 0.25723 28.95575 -0.00709 0.03901 -0.01228 0.99914
36612.628516 0.45850 0.25460 28.98814 -0.00770 0.03896 -0.01200 0.99914
36612.638579 0.47747 0.25137 29.07299 -0.00764 0.03872 -0.01236 0.99914
36612.648538 0.49176 0.25673 29.15824 -0.00761 0.03867 -0.01186 0.99915
36612.658108 0.47207 0.25867 29.14205 -0.00760 0.03906 -0.01108 0.99915
36612.668618 0.48128 0.25666 29.22359 -0.00779 0.03905 -0.01200 0.99913
36612.678546 0.50253 0.25809 29.28723 -0.00753 0.03905 -0.01100 0.99915
36612.688699 0.49454 0.25771 29.32028 -0.00766 0.03897 -0.01108 0.99915
36612.698762 0.51901 0.25857 29.39790 -0.00753 0.03894 -0.01042 0.99916
36612.708598 0.49527 0.26245 29.40439 -0.00762 0.03927 -0.00997 0.99915
36612.718536 0.51917 0.25800 29.47108 -0.00793 0.03931 -0.01077 0.99914
36612.728106 0.50603 0.25608 29.51110 -0.00786 0.03936 -0.01042 0.99914
36612.738574 0.51994 0.26743 29.59317 -0.00819 0.03945 -0.01043 0.99913
36612.748552 0.52877 0.26280 29.63001 -0.00790 0.03947 -0.01025 0.99914
36612.758544 0.52200 0.24972 29.67057 -0.00825 0.03940 -0.00994 0.99914
36612.768617 0.55230 0.25965 29.72499 -0.00837 0.03936 -0.01105 0.99913
36612.778603 0.55343 0.25856 29.76231 -0.00861 0.03929 -0.01165 0.99912
36612.788525 0.55853 0.25356 29.81910 -0.00856 0.03933 -0.01023 0.99914
36612.798584 0.57868 0.25378 29.87216 -0.00877 0.03909 -0.01099 0.99914
36612.808598 0.58441 0.25762 29.90431 -0.00878 0.03929 -0.01098 0.99913
36612.818539 0.58065 0.24686 29.94802 -0.00903 0.03920 -0.01043 0.99914
36612.828513 0.59792 0.25203 30.01203 -0.00909 0.03931 -0.01070 0.99913
36612.838577 0.61835 0.26454 30.14271 -0.00862 0.03902 -0.01215 0.99913
36612.848565 0.62066 0.28642 30.17860 -0.00827 0.03901 -0.01233 0.99913
36612.858514 0.63596 0.30054 30.20983 -0.00684 0.03893 -0.01247 0.99914
36612.868579 0.62750 0.30364 30.23925 -0.00717 0.03891 -0.01187 0.99915
36612.878542 0.64321 0.31503 30.30961 -0.00654 0.03916 -0.01268 0.99913
36612.888506 0.66929 0.32831 30.42494 -0.00653 0.03866 -0.01236 0.99915
36612.898571 0.68402 0.33069 30.49524 -0.00647 0.03864 -0.01436 0.99913
36612.908545 0.70617 0.33462 30.54242 -0.00618 0.03821 -0.01435 0.99915
36612.918701 0.70928 0.32459 30.59164 -0.00633 0.03805 -0.01299 0.99917
36612.928264 0.71948 0.32613 30.59942 -0.00667 0.03817 -0.01390 0.99915
36612.938598 0.73452 0.32018 30.70178 -0.00647 0.03778 -0.01438 0.99916
36612.948513 0.74056 0.31536 30.78101 -0.00736 0.03788 -0.01631 0.99912
36612.958579 0.75776 0.33392 30.78680 -0.00652 0.03743 -0.01425 0.99918
36612.968539 0.74481 0.34239 30.84065 -0.00586 0.03767 -0.01489 0.99916
36612.978508 0.74428 0.33592 30.88926 -0.00637 0.03777 -0.01457 0.99916
36612.988572 0.75302 0.33560 30.97444 -0.00668 0.03784 -0.01460 0.99915
36612.998551 0.77960 0.32788 31.01664 -0.00608 0.03723 -0.01421 0.99919
36613.008697 0.78664 0.33990 31.04555 -0.00650 0.03705 -0.01475 0.99918
36613.018760 0.81022 0.34352 31.11326 -0.00571 0.03671 -0.01501 0.99920
36613.028555 0.81596 0.34790 31.16100 -0.00565 0.03661 -0.01463 0.99921
36613.038555 0.83008 0.37059 31.22611 -0.00494 0.03644 -0.01549 0.99920
36613.048634 0.85631 0.37876 31.27887 -0.00438 0.03617 -0.01488 0.99923
36613.058537 0.84978 0.36241 31.33370 -0.00558 0.03637 -0.01428 0.99922
36613.068516 0.87696 0.37850 31.39778 -0.00476 0.03594 -0.01469 0.99923
36613.078580 0.86765 0.37195 31.45275 -0.00492 0.03568 -0.01470 0.99924
36613.088581 0.86225 0.37524 31.50804 -0.00514 0.03585 -0.01545 0.99922
36613.098530 0.88773 0.37118 31.55603 -0.00480 0.03550 -0.01531 0.99924
36613.108605 0.90861 0.40010 31.62541 -0.00429 0.03527 -0.01485 0.99926
36613.118564 0.92202 0.41580 31.65895 -0.00395 0.03498 -0.01507 0.99927
36613.128141 0.94233 0.41099 31.75834 -0.00422 0.03481 -0.01412 0.99929
36613.138611 0.94973 0.41931 31.79818 -0.00360 0.03447 -0.01443 0.99929
36613.148541 0.95295 0.40470 31.84601 -0.00381 0.03482 -0.01417 0.99929
36613.158619 0.93910 0.42582 31.87315 -0.00369 0.03506 -0.01470 0.99927
36613.168595 0.95284 0.43218 31.95989 -0.00338 0.03496 -0.01466 0.99928
36613.178564 0.97789 0.45242 32.01365 -0.00310 0.03461 -0.01571 0.99927
36613.188646 0.99304 0.45804 32.09887 -0.00279 0.03445 -0.01553 0.99928
36613.198599 1.00580 0.47064 32.14585 -0.00284 0.03423 -0.01591 0.99928
36613.208538 1.01787 0.46378 32.15706 -0.00279 0.03404 -0.01556 0.99930
36613.218610 1.02107 0.46744 32.23100 -0.00269 0.03367 -0.01392 0.99933
36613.228107 1.03154 0.44783 32.33074 -0.00362 0.03376 -0.01327 0.99934
36613.238615 1.02319 0.42757 32.36245 -0.00412 0.03376 -0.01390 0.99932
36613.248519 1.04157 0.42259 32.40754 -0.00399 0.03370 -0.01290 0.99934
36613.258580 1.04924 0.45350 32.42164 -0.00397 0.03345 -0.01461 0.99933
36613.268553 1.05395 0.48282 32.45961 -0.00325 0.03337 -0.01547 0.99932
36613.278631 1.06341 0.50025 32.51870 -0.00204 0.03341 -0.01533 0.99932
36613.288584 1.09259 0.51386 32.59837 -0.00184 0.03277 -0.01500 0.99935
36613.298514 1.09585 0.52462 32.69865 -0.00253 0.03259 -0.01479 0.99936
36613.308113 1.11827 0.53263 32.71527 -0.00151 0.03212 -0.01597 0.99936
36613.318598 1.10739 0.54876 32.77687 -0.00117 0.03238 -0.01621 0.99934
36613.328558 1.12429 0.55309 32.82539 -0.00124 0.03212 -0.01638 0.99935
36613.338758 1.13981 0.54764 32.89293 -0.00211 0.03193 -0.01588 0.99936
36613.348512 1.13698 0.54699 32.95717 -0.00173 0.03167 -0.01496 0.99938
36613.358576 1.15682 0.53350 32.98840 -0.00211 0.03155 -0.01543 0.99938
36613.368546 1.14668 0.52592 33.03019 -0.00261 0.03147 -0.01532 0.99938
36613.378524 1.14486 0.53101 33.08147 -0.00279 0.03154 -0.01547 0.99938
36613.388597 1.14630 0.53383 33.12372 -0.00246 0.03133 -0.01520 0.99939
36613.398539 1.17787 0.54741 33.20320 -0.00222 0.03088 -0.01544 0.99940
36613.408507 1.18732 0.55714 33.27214 -0.00205 0.03044 -0.01555 0.99941
36613.418573 1.19247 0.55515 33.32100 -0.00223 0.03034 -0.01585 0.99941
36613.428519 1.18908 0.55546 33.36082 -0.00217 0.03068 -0.01505 0.99941
36613.438580 1.21367 0.56815 33.41686 -0.00206 0.03007 -0.01581 0.99942
36613.448546 1.21104 0.57700 33.45578 -0.00169 0.03015 -0.01716 0.99940
36613.458502 1.22608 0.57482 33.51644 -0.00215 0.02958 -0.01539 0.99944
36613.468566 1.24559 0.58461 33.60468 -0.00190 0.02905 -0.01581 0.99945
36613.478540 1.25115 0.59035 33.64768 -0.00174 0.02918 -0.01628 0.99944
36613.488658 1.25392 0.59428 33.71296 -0.00126 0.02892 -0.01623 0.99945
36613.498560 1.26705 0.59717 33.79459 -0.00170 0.02856 -0.01691 0.99945
36613.508517 1.26694 0.59920 33.80587 -0.00147 0.02850 -0.01617 0.99946
36613.518583 1.26473 0.61087 33.83854 -0.00102 0.02824 -0.01598 0.99947
36613.528736 1.27519 0.61326 33.90086 -0.00076 0.02776 -0.01674 0.99947
36613.538547 1.27865 0.61917 33.95736 -0.00078 0.02763 -0.01676 0.99948
36613.548498 1.27537 0.62507 34.02159 -0.00062 0.02773 -0.01641 0.99948
36613.558597 1.30538 0.62813 34.05759 -0.00043 0.02715 -0.01683 0.99949
36613.568573 1.31370 0.62884 34.11910 -0.00014 0.02685 -0.01661 0.99950
36613.578752 1.32892 0.64228 34.18731 0.00006 0.02634 -0.01663 0.99951
36613.588541 1.33611 0.63796 34.23186 0.00002 0.02582 -0.01656 0.99953
36613.598116 1.35910 0.65076 34.28862 0.00004 0.02562 -0.01528 0.99955
36613.608615 1.35876 0.64558 34.33849 -0.00019 0.02544 -0.01576 0.99955
36613.618517 1.36251 0.64864 34.36096 0.00014 0.02582 -0.01675 0.99953
36613.628580 1.36228 0.65035 34.41758 0.00032 0.02538 -0.01627 0.99955
36613.638549 1.37623 0.65720 34.49016 0.00006 0.02505 -0.01623 0.99955
36613.648528 1.40286 0.66399 34.49654 0.00015 0.02416 -0.01810 0.99954
36613.658608 1.41219 0.66962 34.55027 0.00048 0.02389 -0.01566 0.99959
36613.668572 1.39972 0.66416 34.58503 0.00042 0.02405 -0.01467 0.99960
36613.678561 1.41995 0.66727 34.63297 0.00027 0.02361 -0.01719 0.99957
36613.688574 1.42508 0.66753 34.68588 0.00018 0.02325 -0.01607 0.99960
36613.698526 1.44894 0.67006 34.73186 0.00024 0.02250 -0.01651 0.99961
36613.708606 1.44404 0.68190 34.74503 0.00074 0.02274 -0.01548 0.99962
36613.718245 1.45440 0.68718 34.80887 0.00062 0.02278 -0.01571 0.99962
36613.728618 1.47933 0.69626 34.85425 0.00072 0.02159 -0.01660 0.99963
36613.738549 1.48959 0.70515 34.91193 0.00123 0.02145 -0.01685 0.99963
36613.748532 1.50386 0.70931 34.99424 0.00133 0.02043 -0.01452 0.99968
36613.758608 1.51543 0.71497 35.00704 0.00185 0.02042 -0.01438 0.99969
36613.768539 1.50441 0.70926 35.05396 0.00196 0.02009 -0.01528 0.99968
36613.778111 1.51371 0.70663 35.13470 0.00160 0.02007 -0.01543 0.99968
36613.788505 1.52093 0.71670 35.18687 0.00108 0.01970 -0.01633 0.99967
36613.798627 1.51835 0.71935 35.25169 0.00166 0.01937 -0.01594 0.99968
36613.808186 1.54207 0.72763 35.25786 0.00222 0.01916 -0.01518 0.99970
36613.818086 1.53676 0.73513 35.31476 0.00212 0.01893 -0.01526 0.99970
36613.828576 1.54601 0.73444 35.37245 0.00185 0.01847 -0.01446 0.99972
36613.838725 1.54958 0.72573 35.40437 0.00216 0.01802 -0.01329 0.99975
36613.848511 1.56359 0.73201 35.44545 0.00225 0.01729 -0.01417 0.99975
36613.858574 1.58685 0.73810 35.48868 0.00193 0.01680 -0.01530 0.99974
36613.868153 1.58056 0.73732 35.49599 0.00241 0.01643 -0.01479 0.99975
36613.878580 1.59752 0.74150 35.54160 0.00249 0.01582 -0.01364 0.99978
36613.888168 1.60372 0.74722 35.62893 0.00211 0.01554 -0.01479 0.99977
36613.898568 1.60546 0.75602 35.68519 0.00245 0.01507 -0.01575 0.99976
36613.908512 1.62030 0.76025 35.71497 0.00308 0.01438 -0.01459 0.99979
36613.918574 1.61054 0.75760 35.80465 0.00271 0.01441 -0.01408 0.99979
36613.928501 1.61052 0.76199 35.85257 0.00306 0.01383 -0.01436 0.99980
36613.938564 1.61498 0.76417 35.91401 0.00273 0.01376 -0.01557 0.99978
36613.948516 1.62711 0.76727 35.96125 0.00252 0.01315 -0.01549 0.99979
36613.958580 1.62894 0.76791 35.96534 0.00274 0.01299 -0.01455 0.99981
36613.968753 1.62483 0.76407 36.00160 0.00272 0.01245 -0.01609 0.99979
36613.978563 1.61757 0.76645 36.03794 0.00317 0.01241 -0.01534 0.99980
36613.988641 1.63530 0.76956 36.10332 0.00289 0.01161 -0.01678 0.99979
36613.998567 1.63106 0.76989 36.15409 0.00312 0.01114 -0.01467 0.99983
36614.008236 1.65142 0.76560 36.17917 0.00299 0.01059 -0.01507 0.99983
36614.018578 1.67235 0.77505 36.23186 0.00275 0.00962 -0.01397 0.99985
36614.028742 1.68766 0.76932 36.27522 0.00271 0.00932 -0.01463 0.99985
36614.038533 1.69011 0.76464 36.33440 0.00215 0.00920 -0.01575 0.99983
36614.048539 1.69644 0.75291 36.35707 0.00187 0.00815 -0.01434 0.99986
36614.058666 1.69522 0.75772 36.38880 0.00221 0.00812 -0.01342 0.99987
36614.068520 1.69963 0.75314 36.44116 0.00238 0.00760 -0.01405 0.99987
36614.078599 1.71797 0.75735 36.49876 0.00214 0.00688 -0.01270 0.99989
36614.088550 1.70120 0.75420 36.56283 0.00163 0.00642 -0.01268 0.99990
36614.098731 1.70904 0.73572 36.61186 0.00093 0.00608 -0.01346 0.99989
36614.108794 1.71899 0.74066 36.62485 0.00128 0.00573 -0.01183 0.99991
36614.118545 1.74496 0.73836 36.65449 0.00117 0.00488 -0.01276 0.99991
36614.128624 1.75008 0.72839 36.69989 0.00053 0.00471 -0.01265 0.99991
36614.138114 1.75123 0.71847 36.75198 0.00046 0.00366 -0.01125 0.99993
36614.148625 1.75982 0.71798 36.79592 0.00058 0.00287 -0.01114 0.99993
36614.158760 1.76934 0.71604 36.82665 0.00069 0.00269 -0.01092 0.99994
36614.168627 1.78670 0.71839 36.88006 0.00064 0.00232 -0.01100 0.99994
36614.178543 1.79505 0.71281 36.93156 0.00076 0.00168 -0.01118 0.99994
36614.188548 1.79676 0.71502 36.97385 0.00086 0.00120 -0.01099 0.99994
36614.198699 1.78652 0.70569 37.01823 0.00077 0.00051 -0.01062 0.99994
36614.208762 1.79701 0.70421 37.04840 0.00052 0.00026 -0.01020 0.99995
36614.218583 1.81554 0.70066 37.09778 0.00083 -0.00063 -0.00988 0.99995
36614.228512 1.82929 0.69059 37.12510 0.00075 -0.00161 -0.00900 0.99996
36614.238577 1.84005 0.69410 37.16488 0.00087 -0.00196 -0.00944 0.99995
36614.248551 1.84306 0.68350 37.19919 0.00042 -0.00272 -0.00988 0.99995
36614.258724 1.82983 0.67899 37.26249 -0.00029 -0.00281 -0.01017 0.99994
36614.268565 1.83731 0.67377 37.31074 0.00025 -0.00352 -0.00996 0.99994
36614.278675 1.85066 0.68112 37.35631 -0.00024 -0.00428 -0.00920 0.99995
36614.288755 1.85471 0.67050 37.37643 -0.00054 -0.00513 -0.00965 0.99994
36614.298820 1.85069 0.67205 37.41915 -0.00050 -0.00566 -0.00969 0.99994
36614.308511 1.83680 0.68047 37.52459 -0.00020 -0.00594 -0.00964 0.99994
36614.318574 1.84921 0.67470 37.58275 -0.00035 -0.00667 -0.00948 0.99993
36614.328552 1.86671 0.66492 37.63448 -0.00039 -0.00765 -0.00955 0.99993
36614.338733 1.86813 0.66480 37.63023 -0.00071 -0.00851 -0.00884 0.99992
36614.348563 1.88180 0.66084 37.68515 -0.00040 -0.00915 -0.00866 0.99992
36614.358726 1.87339 0.67155 37.72836 -0.00045 -0.00939 -0.00832 0.99992
36614.368800 1.86594 0.67155 37.77681 -0.00065 -0.00976 -0.00810 0.99992
36614.378083 1.86307 0.67474 37.85964 -0.00047 -0.01053 -0.00967 0.99990
36614.388575 1.85041 0.67901 37.91518 -0.00012 -0.01114 -0.00962 0.99989
36614.398522 1.84483 0.68576 37.95117 -0.00004 -0.01146 -0.00925 0.99989
36614.408599 1.85935 0.68097 37.98113 -0.00051 -0.01219 -0.00801 0.99989
36614.418548 1.87941 0.67868 38.00304 -0.00044 -0.01298 -0.00831 0.99988
36614.428708 1.87509 0.67646 38.04021 0.00006 -0.01420 -0.00750 0.99987
36614.438774 1.88316 0.67263 38.10761 -0.00039 -0.01470 -0.00726 0.99987
36614.448570 1.87997 0.68341 38.16971 -0.00043 -0.01546 -0.00666 0.99986
36614.458522 1.88607 0.69630 38.20759 0.00000 -0.01589 -0.00803 0.99984
36614.468626 1.88867 0.69167 38.29611 0.00004 -0.01655 -0.00859 0.99983
36614.478526 1.89699 0.68631 38.32432 -0.00047 -0.01711 -0.00828 0.99982
36614.488600 1.89184 0.69268 38.38280 0.00008 -0.01788 -0.00777 0.99981
36614.498700 1.88650 0.69583 38.41110 0.00013 -0.01847 -0.00819 0.99980
36614.508765 1.90740 0.69675 38.42136 0.00020 -0.01923 -0.00706 0.99979
36614.518523 1.89520 0.69358 38.47936 0.00012 -0.01957 -0.00669 0.99979
36614.528519 1.90753 0.68513 38.49953 -0.00013 -0.02088 -0.00762 0.99975
36614.538736 1.89071 0.68020 38.53876 -0.00037 -0.02137 -0.00643 0.99975
36614.548801 1.89781 0.69129 38.62293 0.00001 -0.02215 -0.00686 0.99973
36614.558599 1.89580 0.70836 38.66433 0.00054 -0.02277 -0.00640 0.99972
36614.568526 1.90625 0.70430 38.72006 0.00043 -0.02323 -0.00640 0.99971
36614.578607 1.89805 0.70196 38.73288 0.00066 -0.02425 -0.00644 0.99968
36614.588762 1.88859 0.70777 38.80910 0.00097 -0.02473 -0.00617 0.99967
36614.598825 1.86089 0.70786 38.89644 0.00112 -0.02481 -0.00755 0.99966
36614.608083 1.84201 0.72476 38.94537 0.00138 -0.02531 -0.00713 0.99965
36614.618558 1.83950 0.71953 39.00800 0.00129 -0.02565 -0.00773 0.99964
36614.628732 1.83136 0.72829 39.07212 0.00160 -0.02664 -0.00687 0.99962
36614.648532 1.83709 0.73317 39.12871 0.00239 -0.02787 -0.00634 0.99959
36614.658645 1.83416 0.73054 39.19810 0.00210 -0.02854 -0.00649 0.99957
36614.668581 1.82811 0.72731 39.22698 0.00261 -0.02908 -0.00676 0.99955
36614.678611 1.83447 0.73193 39.25154 0.00278 -0.03018 -0.00683 0.99952
36614.688540 1.83315 0.73468 39.32205 0.00286 -0.03096 -0.00613 0.99950
36614.698622 1.84204 0.71527 39.36855 0.00258 -0.03149 -0.00724 0.99947
36614.708754 1.83560 0.72897 39.38573 0.00268 -0.03215 -0.00602 0.99946
36614.718563 1.82583 0.72949 39.45799 0.00309 -0.03266 -0.00718 0.99944
36614.728526 1.81976 0.72626 39.47698 0.00300 -0.03351 -0.00654 0.99941
36614.738606 1.81760 0.72417 39.51680 0.00320 -0.03439 -0.00687 0.99938
36614.748774 1.81498 0.72260 39.56355 0.00291 -0.03487 -0.00627 0.99937
36614.758578 1.82671 0.72464 39.59274 0.00332 -0.03557 -0.00603 0.99934
36614.768599 1.83202 0.72807 39.66256 0.00374 -0.03644 -0.00543 0.99931
36614.778761 1.82505 0.73040 39.69701 0.00396 -0.03728 -0.00446 0.99929
36614.788825 1.80456 0.73364 39.76814 0.00407 -0.03777 -0.00447 0.99927
36614.798555 1.79955 0.73144 39.80177 0.00445 -0.03816 -0.00646 0.99924
36614.808710 1.79626 0.73111 39.87028 0.00453 -0.03875 -0.00612 0.99922
36614.818774 1.78452 0.72673 39.88652 0.00423 -0.03929 -0.00609 0.99920
36614.828838 1.78950 0.72527 39.94044 0.00425 -0.04050 -0.00443 0.99916
36614.838399 1.78410 0.72761 39.97731 0.00480 -0.04104 -0.00456 0.99914
36614.848572 1.78590 0.72984 40.05304 0.00490 -0.04179 -0.00473 0.99910
36614.858733 1.78481 0.72836 40.05548 0.00511 -0.04234 -0.00430 0.99908
36614.868793 1.78801 0.72787 40.12235 0.00532 -0.04327 -0.00382 0.99904
36614.878355 1.77989 0.72836 40.15650 0.00527 -0.04402 -0.00364 0.99901
36614.888540 1.76216 0.72486 40.23065 0.00537 -0.04469 -0.00383 0.99898
36614.898709 1.76436 0.72251 40.25142 0.00536 -0.04570 -0.00433 0.99893
36614.908774 1.75322 0.73248 40.32673 0.00502 -0.04595 -0.00269 0.99893
36614.918840 1.74632 0.73010 40.37891 0.00606 -0.04674 -0.00404 0.99888
36614.928408 1.74668 0.72884 40.40156 0.00580 -0.04744 -0.00269 0.99885
36614.938813 1.73710 0.72925 40.46184 0.00546 -0.04820 -0.00305 0.99882
36614.948562 1.73850 0.73064 40.51360 0.00562 -0.04922 -0.00315 0.99877
36614.958727 1.73382 0.73401 40.53761 0.00613 -0.04958 -0.00358 0.99874
36614.968791 1.71901 0.73783 40.60600 0.00652 -0.05011 -0.00341 0.99872
36614.978536 1.72152 0.74050 40.63546 0.00661 -0.05120 -0.00325 0.99866
36614.988667 1.72382 0.74146 40.69826 0.00662 -0.05227 -0.00347 0.99860
36614.998821 1.72433 0.74275 40.75201 0.00659 -0.05275 -0.00315 0.99858
36615.008380 1.71967 0.74394 40.77839 0.00695 -0.05371 -0.00295 0.99853
36615.018504 1.71299 0.72829 40.81013 0.00681 -0.05421 -0.00242 0.99850
36615.028568 1.70222 0.72438 40.84059 0.00638 -0.05475 -0.00200 0.99848
36615.038728 1.68946 0.72431 40.86833 0.00628 -0.05548 -0.00288 0.99844
36615.048794 1.67931 0.73584 40.96235 0.00659 -0.05622 -0.00243 0.99839
36615.058355 1.68274 0.74146 41.03367 0.00666 -0.05715 -0.00243 0.99834
36615.068418 1.67903 0.73895 41.08107 0.00738 -0.05799 -0.00205 0.99829
36615.078484 1.66893 0.74442 41.13131 0.00735 -0.05843 -0.00088 0.99826
36615.088551 1.65428 0.74083 41.16339 0.00745 -0.05933 -0.00252 0.99821
36615.098712 1.66235 0.74261 41.19836 0.00746 -0.06018 -0.00137 0.99816
36615.108785 1.65747 0.73466 41.22813 0.00725 -0.06072 -0.00131 0.99813
36615.118346 1.64784 0.73562 41.27082 0.00755 -0.06163 -0.00091 0.99807
36615.128410 1.63996 0.73114 41.33412 0.00751 -0.06249 -0.00157 0.99802
36615.138475 1.64052 0.72622 41.36038 0.00697 -0.06323 -0.00131 0.99797
36615.148539 1.63401 0.72973 41.41584 0.00701 -0.06401 -0.00101 0.99792
36615.158711 1.62105 0.72720 41.47998 0.00735 -0.06435 -0.00115 0.99790
36615.168774 1.60926 0.73589 41.51969 0.00815 -0.06505 -0.00171 0.99785
36615.178336 1.61221 0.72747 41.56094 0.00764 -0.06633 -0.00209 0.99777
36615.188402 1.61995 0.72538 41.61351 0.00743 -0.06775 -0.00165 0.99767
36615.198478 1.60238 0.73025 41.65115 0.00809 -0.06815 -0.00077 0.99764
36615.208542 1.59715 0.72235 41.70346 0.00799 -0.06857 -0.00180 0.99761
36615.218705 1.59323 0.72595 41.74028 0.00781 -0.06880 -0.00035 0.99760
36615.228768 1.58403 0.72634 41.76192 0.00777 -0.07012 -0.00127 0.99751
36615.238832 1.56768 0.72544 41.76705 0.00805 -0.07064 -0.00171 0.99747
36615.248393 1.56513 0.71950 41.80327 0.00790 -0.07147 -0.00240 0.99741
36615.258458 1.56016 0.71009 41.84371 0.00769 -0.07205 -0.00150 0.99737
36615.268526 1.55903 0.70613 41.88004 0.00759 -0.07247 -0.00256 0.99734
36615.278707 1.54170 0.70633 41.88532 0.00766 -0.07370 -0.00155 0.99725
36615.288772 1.53314 0.70934 41.90637 0.00794 -0.07422 -0.00226 0.99721
36615.308397 1.52054 0.70928 42.03915 0.00801 -0.07521 -0.00280 0.99713
36615.318460 1.52246 0.70004 42.13852 0.00773 -0.07621 -0.00163 0.99706
36615.328525 1.51073 0.71092 42.18580 0.00779 -0.07682 -0.00054 0.99701
36615.338604 1.51129 0.70710 42.25238 0.00766 -0.07750 -0.00163 0.99696
36615.348742 1.49716 0.70651 42.28219 0.00747 -0.07832 -0.00210 0.99690
36615.358800 1.48166 0.70431 42.29292 0.00749 -0.07867 -0.00174 0.99687
36615.368361 1.46846 0.70154 42.31897 0.00709 -0.07923 -0.00174 0.99683
36615.378425 1.46162 0.70509 42.41051 0.00732 -0.08016 -0.00238 0.99675
36615.388490 1.46114 0.70089 42.44005 0.00726 -0.08109 -0.00221 0.99668
36615.398553 1.44732 0.70928 42.51143 0.00718 -0.08156 -0.00227 0.99664
36615.408711 1.45429 0.70335 42.52478 0.00736 -0.08270 -0.00231 0.99654
36615.418334 1.43900 0.70346 42.57417 0.00680 -0.08324 -0.00130 0.99651
36615.428400 1.43488 0.68970 42.61830 0.00649 -0.08389 -0.00220 0.99645
36615.438477 1.43043 0.67948 42.60954 0.00595 -0.08468 -0.00199 0.99639
36615.448543 1.41198 0.68775 42.68122 0.00614 -0.08523 -0.00361 0.99634
36615.458709 1.40390 0.68475 42.72083 0.00626 -0.08569 -0.00270 0.99630
36615.468774 1.40117 0.68536 42.74908 0.00622 -0.08684 -0.00288 0.99620
36615.488545 1.39011 0.67253 42.80735 0.00556 -0.08864 -0.00227 0.99605
36615.498714 1.38832 0.67886 42.87282 0.00575 -0.08984 -0.00158 0.99594
36615.508779 1.37849 0.68359 42.93225 0.00616 -0.09022 -0.00198 0.99590
36615.518341 1.37352 0.68058 42.97098 0.00611 -0.09114 -0.00056 0.99582
36615.528407 1.35314 0.68464 43.01475 0.00589 -0.09143 -0.00181 0.99579
36615.538471 1.36105 0.67771 43.05720 0.00659 -0.09255 -0.00267 0.99568
36615.548537 1.35508 0.66908 43.09781 0.00584 -0.09362 -0.00188 0.99559
36615.558722 1.34591 0.66766 43.11833 0.00576 -0.09405 -0.00236 0.99555
36615.568784 1.33718 0.66911 43.13242 0.00568 -0.09490 -0.00173 0.99547
36615.578347 1.32993 0.67888 43.21294 0.00609 -0.09554 -0.00173 0.99541
36615.588411 1.30658 0.68391 43.28788 0.00642 -0.09635 -0.00228 0.99532
36615.598471 1.30597 0.68147 43.32608 0.00609 -0.09729 -0.00129 0.99524
36615.608536 1.30436 0.66865 43.32843 0.00617 -0.09759 -0.00140 0.99521
36615.618702 1.29484 0.67524 43.38027 0.00617 -0.09838 -0.00208 0.99513
36615.628768 1.28354 0.66750 43.45427 0.00597 -0.09909 -0.00235 0.99506
36615.638833 1.28320 0.67123 43.47088 0.00626 -0.10014 -0.00176 0.99495
36615.648400 1.27774 0.66931 43.50598 0.00579 -0.10085 -0.00164 0.99488
36615.658462 1.27518 0.66996 43.55350 0.00571 -0.10149 -0.00138 0.99482
36615.668526 1.26973 0.66250 43.60666 0.00570 -0.10248 -0.00228 0.99472
36615.678706 1.26284 0.66626 43.64894 0.00525 -0.10334 -0.00094 0.99463
36615.688771 1.26812 0.65745 43.67438 0.00468 -0.10416 -0.00012 0.99455
36615.708395 1.24329 0.65950 43.75955 0.00525 -0.10560 -0.00222 0.99439
36615.718459 1.23071 0.66699 43.84416 0.00463 -0.10674 -0.00061 0.99428
36615.728523 1.22493 0.66759 43.88823 0.00507 -0.10757 -0.00105 0.99418
36615.738623 1.22435 0.66980 43.94796 0.00472 -0.10885 0.00085 0.99405
36615.748764 1.20504 0.68214 43.98190 0.00518 -0.10962 0.00031 0.99396
36615.758828 1.20852 0.66351 43.99353 0.00518 -0.10993 -0.00057 0.99393
36615.768391 1.19431 0.66476 44.03309 0.00435 -0.11102 -0.00106 0.99381
36615.778456 1.19930 0.64880 44.06000 0.00436 -0.11199 -0.00002 0.99370
36615.788522 1.20583 0.63550 44.13071 0.00479 -0.11300 -0.00124 0.99358
36615.798604 1.19200 0.64051 44.16930 0.00440 -0.11402 -0.00103 0.99347
36615.808766 1.17104 0.65039 44.20774 0.00473 -0.11448 -0.00027 0.99341
36615.818831 1.15548 0.65961 44.26185 0.00486 -0.11539 -0.00075 0.99331
36615.828393 1.14657 0.66821 44.29972 0.00474 -0.11633 0.00129 0.99320
36615.838523 1.13294 0.65758 44.33590 0.00479 -0.11630 -0.00050 0.99320
36615.848609 1.10418 0.65068 44.39319 0.00431 -0.11752 -0.00042 0.99306
36615.858766 1.12151 0.64457 44.42923 0.00458 -0.11889 0.00047 0.99290
36615.868837 1.12939 0.62983 44.48007 0.00433 -0.12024 0.00117 0.99274
36615.878398 1.11489 0.63290 44.52871 0.00432 -0.12085 0.00064 0.99266
36615.888461 1.10331 0.63786 44.56319 0.00445 -0.12203 0.00221 0.99251
36615.898523 1.09871 0.63982 44.58023 0.00430 -0.12290 0.00199 0.99241
36615.908604 1.08933 0.63278 44.64374 0.00405 -0.12394 0.00205 0.99228
36615.918738 1.08694 0.62465 44.70830 0.00445 -0.12475 0.00067 0.99218
36615.928802 1.08158 0.62586 44.76347 0.00437 -0.12581 0.00130 0.99204
36615.938364 1.05697 0.65142 44.79922 0.00497 -0.12645 0.00212 0.99196
36615.948431 1.05009 0.65494 44.86027 0.00497 -0.12775 0.00319 0.99179
36615.958498 1.03775 0.64699 44.90395 0.00512 -0.12859 0.00200 0.99168
36615.968795 1.03257 0.64808 44.94297 0.00519 -0.12960 0.00311 0.99155
36615.978357 1.02667 0.64212 44.98997 0.00502 -0.13045 0.00181 0.99144
36615.988422 1.02074 0.64016 45.01980 0.00532 -0.13152 0.00331 0.99129
36615.998488 1.01854 0.62669 45.07623 0.00525 -0.13264 0.00224 0.99115
36616.008554 1.01966 0.61396 45.12547 0.00462 -0.13343 0.00206 0.99105
36616.018728 1.00931 0.61142 45.17036 0.00466 -0.13464 0.00227 0.99088
36616.028792 1.01864 0.60371 45.19836 0.00509 -0.13614 0.00239 0.99067
36616.038354 1.00305 0.60913 45.25249 0.00534 -0.13705 0.00242 0.99055
36616.048418 1.00194 0.60212 45.28547 0.00509 -0.13821 0.00262 0.99039
36616.058484 0.98597 0.60493 45.29893 0.00487 -0.13869 0.00263 0.99032
36616.068550 0.95178 0.60493 45.37808 0.00491 -0.13937 0.00178 0.99023
36616.078718 0.92162 0.61680 45.44755 0.00508 -0.14021 0.00198 0.99011
36616.088828 0.91385 0.61039 45.48961 0.00543 -0.14108 0.00168 0.98998
36616.098388 0.92464 0.61193 45.50823 0.00569 -0.14266 0.00264 0.98975
36616.108452 0.91610 0.60597 45.57007 0.00516 -0.14353 0.00218 0.98963
36616.118517 0.90568 0.60969 45.63612 0.00497 -0.14507 0.00291 0.98940
36616.128581 0.88794 0.61173 45.64580 0.00535 -0.14552 0.00331 0.98934
36616.138746 0.87973 0.59945 45.69679 0.00497 -0.14732 0.00341 0.98907
36616.148814 0.85292 0.60450 45.74643 0.00532 -0.14754 0.00206 0.98904
36616.158374 0.84562 0.58939 45.78955 0.00540 -0.14827 0.00128 0.98893
36616.168448 0.84653 0.58900 45.80871 0.00492 -0.14982 0.00143 0.98870
36616.178510 0.85001 0.57416 45.87015 0.00492 -0.15097 0.00199 0.98852
36616.188574 0.83208 0.58888 45.91706 0.00471 -0.15229 0.00323 0.98832
36616.198745 0.82649 0.58780 45.97297 0.00501 -0.15369 0.00340 0.98810
36616.208810 0.80625 0.57888 46.01186 0.00469 -0.15431 0.00330 0.98801
36616.218373 0.78511 0.57621 46.06461 0.00474 -0.15486 0.00254 0.98792
36616.228438 0.78183 0.57590 46.08666 0.00499 -0.15612 0.00367 0.98772
36616.238504 0.76699 0.57784 46.14276 0.00509 -0.15713 0.00319 0.98756
36616.248570 0.75352 0.59208 46.19712 0.00525 -0.15835 0.00412 0.98736
36616.258765 0.74620 0.58007 46.22966 0.00572 -0.15938 0.00332 0.98720
36616.268829 0.74255 0.56527 46.27138 0.00463 -0.16045 0.00270 0.98703
36616.278387 0.73429 0.56435 46.29640 0.00471 -0.16169 0.00406 0.98682
36616.288452 0.70678 0.56299 46.33929 0.00490 -0.16252 0.00277 0.98669
36616.298516 0.70199 0.55057 46.38674 0.00488 -0.16337 0.00262 0.98655
36616.308581 0.68661 0.56576 46.41655 0.00530 -0.16447 0.00438 0.98636
36616.318749 0.67509 0.56159 46.46767 0.00544 -0.16533 0.00334 0.98622
36616.328818 0.66604 0.56662 46.51203 0.00557 -0.16684 0.00358 0.98596
36616.338379 0.65320 0.56735 46.57438 0.00569 -0.16772 0.00367 0.98581
36616.348443 0.65155 0.56832 46.60585 0.00583 -0.16917 0.00384 0.98556
36616.358508 0.62483 0.56164 46.65277 0.00554 -0.16967 0.00327 0.98548
36616.368573 0.61766 0.55914 46.67161 0.00548 -0.17052 0.00424 0.98533
36616.378703 0.60229 0.55656 46.74026 0.00551 -0.17172 0.00411 0.98512
36616.388769 0.59915 0.55526 46.76569 0.00559 -0.17297 0.00325 0.98491
36616.408399 0.59191 0.54213 46.81616 0.00575 -0.17466 0.00389 0.98460
36616.418469 0.56024 0.55313 46.86514 0.00548 -0.17580 0.00468 0.98440
36616.428530 0.54924 0.54174 46.88174 0.00509 -0.17681 0.00400 0.98422
36616.438724 0.52169 0.54102 46.93352 0.00523 -0.17829 0.00364 0.98396
36616.448788 0.50261 0.54493 46.97776 0.00537 -0.17913 0.00381 0.98380
36616.458350 0.49936 0.53983 46.99428 0.00509 -0.17974 0.00368 0.98369
36616.468413 0.48787 0.53435 46.97264 0.00501 -0.18071 0.00485 0.98351
36616.478478 0.46010 0.53584 47.07008 0.00510 -0.18196 0.00404 0.98328
36616.488545 0.43814 0.53701 47.06215 0.00500 -0.18310 0.00546 0.98307
36616.498699 0.41999 0.53837 47.11371 0.00482 -0.18365 0.00577 0.98296
36616.508764 0.42449 0.53529 47.17216 0.00531 -0.18497 0.00510 0.98272
36616.518825 0.40910 0.53022 47.22815 0.00445 -0.18638 0.00475 0.98246
36616.528388 0.39896 0.53366 47.22426 0.00473 -0.18754 0.00533 0.98223
36616.538453 0.37747 0.52971 47.26776 0.00420 -0.18845 0.00715 0.98205
36616.548518 0.37064 0.53707 47.29779 0.00439 -0.19003 0.00762 0.98174
36616.558693 0.35758 0.53077 47.33150 0.00395 -0.19093 0.00749 0.98157
36616.568766 0.33486 0.52787 47.37210 0.00381 -0.19167 0.00757 0.98142
36616.578830 0.30633 0.52036 47.41120 0.00378 -0.19272 0.00613 0.98123
36616.588391 0.28195 0.52143 47.45445 0.00376 -0.19353 0.00676 0.98106
36616.598457 0.26559 0.52411 47.47479 0.00387 -0.19445 0.00692 0.98088
36616.608535 0.25198 0.52956 47.50410 0.00418 -0.19539 0.00692 0.98069
36616.618717 0.23875 0.52679 47.57675 0.00355 -0.19669 0.00670 0.98044
36616.628782 0.22548 0.52300 47.59559 0.00404 -0.19804 0.00655 0.98016
36616.638344 0.23415 0.51790 47.61255 0.00369 -0.19955 0.00772 0.97985
36616.648417 0.21107 0.50726 47.65722 0.00341 -0.20088 0.00688 0.97959
36616.658490 0.19665 0.51970 47.67532 0.00378 -0.20125 0.00711 0.97951
36616.668556 0.18844 0.51149 47.68864 0.00359 -0.20231 0.00761 0.97928
36616.678732 0.14942 0.50765 47.73362 0.00351 -0.20306 0.00792 0.97913
36616.688796 0.12767 0.50727 47.76163 0.00388 -0.20434 0.00835 0.97886
36616.698861 0.10342 0.51184 47.81936 0.00347 -0.20540 0.00805 0.97864
36616.718487 0.08110 0.50541 47.90270 0.00359 -0.20763 0.00845 0.97817
36616.728552 0.07848 0.50563 47.90843 0.00334 -0.20943 0.00880 0.97778
36616.738694 0.06524 0.49329 47.92062 0.00328 -0.21041 0.00891 0.97757
36616.748794 0.07152 0.48333 47.92311 0.00263 -0.21175 0.00992 0.97727
36616.758355 0.06472 0.47498 47.93340 0.00195 -0.21304 0.01003 0.97699
36616.768421 0.02305 0.47976 47.96722 0.00238 -0.21364 0.00968 0.97686
36616.778484 -0.00682 0.47211 48.01730 0.00235 -0.21441 0.00954 0.97669
36616.788551 -0.02267 0.47414 48.06216 0.00246 -0.21613 0.00967 0.97631
36616.798701 -0.05279 0.46797 48.11974 0.00217 -0.21736 0.00882 0.97605
36616.808774 -0.04231 0.47812 48.11367 0.00191 -0.21898 0.01179 0.97566
36616.818336 -0.05716 0.46942 48.10787 0.00163 -0.22006 0.01130 0.97542
36616.828398 -0.08441 0.46480 48.12477 0.00148 -0.22071 0.01078 0.97528
36616.838462 -0.08404 0.46527 48.17683 0.00197 -0.22222 0.01040 0.97494
36616.848528 -0.11140 0.45118 48.21142 0.00113 -0.22315 0.01032 0.97473
36616.858675 -0.12778 0.46197 48.23305 0.00094 -0.22512 0.01119 0.97427
36616.868741 -0.12586 0.46016 48.25085 0.00122 -0.22604 0.01155 0.97405
36616.878807 -0.15224 0.45994 48.30956 0.00097 -0.22736 0.01171 0.97374
36616.888368 -0.18347 0.44835 48.37782 0.00079 -0.22844 0.01132 0.97349
36616.898443 -0.19158 0.44630 48.43461 0.00056 -0.23024 0.01108 0.97307
36616.918571 -0.21346 0.43812 48.46528 0.00007 -0.23213 0.01065 0.97263
36616.928741 -0.20858 0.43500 48.43510 0.00003 -0.23371 0.01157 0.97224
36616.938806 -0.25336 0.43772 48.47301 -0.00012 -0.23455 0.01212 0.97203
36616.948368 -0.28171 0.43112 48.51057 0.00023 -0.23509 0.01116 0.97191
36616.958449 -0.29535 0.43239 48.52530 -0.00044 -0.23631 0.01143 0.97161
36616.968513 -0.31808 0.43244 48.55781 -0.00004 -0.23737 0.01232 0.97134
36616.978578 -0.36063 0.43199 48.60472 -0.00010 -0.23804 0.01113 0.97119
36616.988742 -0.39498 0.42318 48.64811 -0.00017 -0.23905 0.01114 0.97094
36616.998806 -0.40964 0.42079 48.69205 -0.00022 -0.24044 0.00934 0.97062
36617.008368 -0.39430 0.41757 48.72986 -0.00057 -0.24222 0.01037 0.97016
36617.028502 -0.41130 0.40296 48.73381 -0.00102 -0.24483 0.01153 0.96950
36617.038567 -0.44764 0.40207 48.76215 -0.00083 -0.24576 0.01092 0.96927
36617.048746 -0.45366 0.39355 48.76479 -0.00090 -0.24709 0.01255 0.96891
36617.058839 -0.48367 0.39988 48.80547 -0.00058 -0.24809 0.01119 0.96867
36617.068401 -0.51888 0.39882 48.89555 -0.00064 -0.24954 0.01220 0.96829
36617.078968 -0.55331 0.41513 48.92748 -0.00014 -0.25062 0.01123 0.96802
36617.088529 -0.58456 0.40115 48.94015 0.00019 -0.25110 0.00987 0.96791
36617.098787 -0.60762 0.41150 48.98656 -0.00017 -0.25263 0.01082 0.96750
36617.108854 -0.59561 0.40418 49.01082 -0.00041 -0.25480 0.01145 0.96693
36617.128490 -0.63737 0.40107 49.08606 -0.00048 -0.25722 0.01058 0.96629
36617.138552 -0.66254 0.40344 49.07087 -0.00007 -0.25775 0.00957 0.96616
36617.148700 -0.69591 0.40003 49.11256 -0.00058 -0.25902 0.01075 0.96581
36617.158765 -0.72294 0.38803 49.14481 -0.00154 -0.25991 0.01085 0.96557
36617.168828 -0.73829 0.38202 49.16518 -0.00116 -0.26123 0.00915 0.96523
36617.178893 -0.76820 0.38920 49.20477 -0.00117 -0.26199 0.00936 0.96502
36617.188453 -0.78149 0.37724 49.23069 -0.00108 -0.26337 0.00916 0.96465
36617.198532 -0.81409 0.37606 49.23838 -0.00122 -0.26414 0.00911 0.96444
36617.208708 -0.83028 0.38139 49.28835 -0.00135 -0.26547 0.01033 0.96406
36617.218771 -0.86113 0.39175 49.32412 -0.00116 -0.26672 0.01059 0.96371
36617.228835 -0.88946 0.37767 49.31847 -0.00111 -0.26743 0.00931 0.96353
36617.238397 -0.91263 0.38587 49.35589 -0.00125 -0.26841 0.01017 0.96325
36617.248465 -0.93784 0.38964 49.41803 -0.00099 -0.26967 0.01084 0.96289
36617.258530 -0.92538 0.37383 49.43374 -0.00194 -0.27140 0.01010 0.96241
36617.268693 -0.96144 0.37388 49.48187 -0.00213 -0.27232 0.00968 0.96216
36617.278766 -0.96719 0.36848 49.51166 -0.00177 -0.27396 0.00994 0.96169
36617.288829 -0.98373 0.36562 49.54948 -0.00296 -0.27550 0.01056 0.96124
36617.298390 -1.00057 0.35660 49.52845 -0.00276 -0.27607 0.01068 0.96108
36617.308455 -1.00649 0.36478 49.54515 -0.00298 -0.27715 0.01016 0.96077
36617.318520 -1.04787 0.35786 49.57977 -0.00362 -0.27826 0.00925 0.96046
36617.328734 -1.06674 0.34931 49.58609 -0.00376 -0.27923 0.01032 0.96016
36617.338800 -1.09333 0.34528 49.61485 -0.00364 -0.28033 0.00932 0.95985
36617.348866 -1.10900 0.35508 49.65246 -0.00359 -0.28166 0.00964 0.95946
36617.358435 -1.12078 0.35972 49.64535 -0.00400 -0.28271 0.01018 0.95914
36617.368497 -1.16168 0.36731 49.69546 -0.00330 -0.28330 0.00939 0.95898
36617.378560 -1.19412 0.37051 49.73703 -0.00305 -0.28440 0.00949 0.95865
36617.388694 -1.21087 0.35997 49.77660 -0.00334 -0.28637 0.00896 0.95807
36617.398787 -1.23727 0.34964 49.79956 -0.00363 -0.28742 0.00965 0.95775
36617.418413 -1.24175 0.36217 49.79872 -0.00383 -0.28967 0.00950 0.95707
36617.428477 -1.23881 0.35536 49.79345 -0.00367 -0.29110 0.00942 0.95664
36617.438542 -1.26019 0.35537 49.83737 -0.00367 -0.29259 0.00887 0.95619
36617.448701 -1.28485 0.36709 49.84755 -0.00346 -0.29369 0.00896 0.95585
36617.458768 -1.29931 0.36795 49.85348 -0.00284 -0.29438 0.00875 0.95565
36617.468833 -1.31217 0.35939 49.88272 -0.00367 -0.29621 0.00877 0.95507
36617.478389 -1.34053 0.35908 49.91496 -0.00334 -0.29750 0.00796 0.95468
36617.488453 -1.36481 0.36054 49.98462 -0.00376 -0.29907 0.00797 0.95419
36617.498516 -1.41813 0.37700 50.03239 -0.00312 -0.30031 0.00884 0.95380
36617.508581 -1.43528 0.38288 50.02935 -0.00257 -0.30059 0.00750 0.95372
36617.518771 -1.46195 0.38517 50.02846 -0.00223 -0.30145 0.00753 0.95345
36617.538396 -1.51638 0.38301 50.11891 -0.00258 -0.30401 0.00695 0.95264
36617.548461 -1.56946 0.38939 50.15487 -0.00180 -0.30496 0.00639 0.95234
36617.558526 -1.60288 0.40139 50.17396 -0.00194 -0.30574 0.00619 0.95209
36617.568610 -1.61467 0.40381 50.19350 -0.00179 -0.30723 0.00609 0.95161
36617.578774 -1.63445 0.39844 50.22803 -0.00194 -0.30842 0.00465 0.95124
36617.588837 -1.67327 0.38931 50.26042 -0.00246 -0.30944 0.00643 0.95089
36617.598398 -1.65873 0.38675 50.24526 -0.00253 -0.31119 0.00669 0.95032
36617.608471 -1.68952 0.38659 50.28002 -0.00257 -0.31214 0.00626 0.95001
36617.618537 -1.71278 0.38131 50.29650 -0.00265 -0.31328 0.00494 0.94964
36617.628613 -1.75715 0.38698 50.33874 -0.00316 -0.31416 0.00568 0.94935
36617.638768 -1.77009 0.38523 50.35820 -0.00334 -0.31579 0.00526 0.94881
36617.648832 -1.76887 0.39168 50.36340 -0.00274 -0.31705 0.00409 0.94839
36617.658393 -1.77145 0.39546 50.36699 -0.00255 -0.31861 0.00589 0.94786
36617.668461 -1.79430 0.40086 50.37394 -0.00224 -0.31940 0.00584 0.94760
36617.678529 -1.82182 0.41421 50.39495 -0.00196 -0.32056 0.00564 0.94721
36617.688614 -1.87856 0.40977 50.43979 -0.00206 -0.32141 0.00446 0.94693
36617.698785 -1.93418 0.41459 50.51773 -0.00216 -0.32254 0.00451 0.94654
36617.708347 -1.91740 0.41959 50.51808 -0.00194 -0.32456 0.00522 0.94585
36617.718412 -1.93764 0.41962 50.54215 -0.00186 -0.32584 0.00584 0.94541
36617.728477 -1.95413 0.43242 50.57866 -0.00159 -0.32700 0.00632 0.94500
36617.738542 -1.98628 0.44441 50.60866 -0.00122 -0.32848 0.00570 0.94449
36617.748738 -2.04285 0.43725 50.70911 -0.00180 -0.32993 0.00638 0.94398
36617.758812 -2.04343 0.44897 50.70121 -0.00135 -0.33163 0.00624 0.94339
36617.768374 -2.04133 0.46377 50.71798 -0.00091 -0.33270 0.00588 0.94302
36617.778438 -2.10184 0.46568 50.76086 -0.00083 -0.33386 0.00716 0.94260
36617.788504 -2.14179 0.47527 50.76274 -0.00066 -0.33420 0.00676 0.94248
36617.798568 -2.17517 0.47859 50.80117 -0.00063 -0.33535 0.00742 0.94207
36617.808739 -2.17632 0.48325 50.79951 -0.00039 -0.33646 0.00662 0.94167
36617.818805 -2.20173 0.48923 50.83028 -0.00027 -0.33770 0.00788 0.94122
36617.828368 -2.21739 0.48278 50.84353 0.00000 -0.33904 0.00697 0.94075
36617.838434 -2.24670 0.48869 50.86586 -0.00070 -0.34060 0.00730 0.94018
36617.848505 -2.26151 0.49394 50.89705 -0.00087 -0.34188 0.00901 0.93970
36617.858579 -2.30269 0.49595 50.92785 -0.00070 -0.34266 0.00915 0.93942
36617.868753 -2.32912 0.49819 50.96292 -0.00066 -0.34400 0.00914 0.93893
36617.878817 -2.33699 0.50519 51.00530 -0.00042 -0.34598 0.00920 0.93820
36617.888379 -2.39078 0.50872 51.04756 0.00000 -0.34704 0.01080 0.93779
36617.898444 -2.44250 0.48221 51.10188 -0.00090 -0.34840 0.01043 0.93729
36617.908508 -2.44906 0.47684 51.08474 -0.00114 -0.34912 0.01182 0.93700
36617.918574 -2.45891 0.47307 51.09409 -0.00125 -0.35040 0.01133 0.93653
36617.928807 -2.49662 0.47072 51.12158 -0.00134 -0.35140 0.01202 0.93615
36617.938368 -2.51380 0.46629 51.13200 -0.00106 -0.35265 0.01140 0.93568
36617.948434 -2.55259 0.44944 51.17218 -0.00133 -0.35378 0.01195 0.93525
36617.958499 -2.56139 0.44888 51.20064 -0.00235 -0.35526 0.01335 0.93467
36617.968564 -2.58689 0.44501 51.23360 -0.00221 -0.35671 0.01301 0.93412
36617.978760 -2.61229 0.45669 51.27484 -0.00232 -0.35838 0.01426 0.93346
36617.988823 -2.64574 0.45490 51.30036 -0.00183 -0.35955 0.01315 0.93303
36617.998384 -2.67391 0.45299 51.33685 -0.00277 -0.36072 0.01558 0.93254
36618.008449 -2.70391 0.45358 51.38064 -0.00281 -0.36211 0.01536 0.93200
36618.018513 -2.72267 0.45313 51.40442 -0.00241 -0.36354 0.01480 0.93146
36618.028579 -2.76302 0.44889 51.43648 -0.00318 -0.36494 0.01568 0.93089
36618.038756 -2.80384 0.45156 51.48641 -0.00257 -0.36567 0.01588 0.93060
36618.048820 -2.83015 0.45929 51.51275 -0.00228 -0.36685 0.01518 0.93015
36618.058381 -2.85018 0.47085 51.53461 -0.00253 -0.36790 0.01698 0.92971
36618.068463 -2.88332 0.47045 51.57553 -0.00169 -0.36935 0.01602 0.92915
36618.078527 -2.90727 0.47093 51.60256 -0.00149 -0.37064 0.01727 0.92861
36618.088714 -2.91163 0.47791 51.63218 -0.00155 -0.37219 0.01771 0.92799
36618.098781 -2.96246 0.48684 51.67248 -0.00152 -0.37387 0.01746 0.92732
36618.108846 -2.99535 0.47671 51.67639 -0.00165 -0.37395 0.01774 0.92728
36618.118408 -3.02632 0.47021 51.72056 -0.00202 -0.37564 0.01817 0.92659
36618.128471 -3.05228 0.47085 51.73641 -0.00117 -0.37664 0.01597 0.92622
36618.138536 -3.07936 0.48203 51.78721 -0.00114 -0.37808 0.01709 0.92561
36618.148702 -3.10576 0.48744 51.82401 -0.00097 -0.37981 0.01753 0.92490
36618.158768 -3.12611 0.50568 51.84925 0.00046 -0.38123 0.01784 0.92431
36618.168830 -3.15472 0.50633 51.87905 0.00120 -0.38246 0.01654 0.92382
36618.178393 -3.20024 0.52460 51.90869 0.00172 -0.38362 0.01894 0.92329
36618.188963 -3.25068 0.53198 51.93528 0.00243 -0.38429 0.01946 0.92300
36618.198524 -3.27560 0.52829 51.97874 0.00257 -0.38633 0.01821 0.92218
36618.208715 -3.28993 0.52324 52.00116 0.00226 -0.38764 0.01882 0.92161
36618.218788 -3.31363 0.51749 52.02948 0.00274 -0.38924 0.01741 0.92097
36618.228853 -3.36706 0.51005 52.06905 0.00186 -0.39060 0.01848 0.92037
36618.238413 -3.38963 0.50725 52.07226 0.00226 -0.39135 0.01744 0.92007
36618.248480 -3.40247 0.49898 52.09159 0.00198 -0.39268 0.01789 0.91950
36618.268693 -3.46769 0.49987 52.16048 0.00264 -0.39595 0.01732 0.91810
36618.278758 -3.53881 0.50825 52.20208 0.00212 -0.39700 0.01832 0.91763
36618.288823 -3.56685 0.51192 52.22134 0.00337 -0.39815 0.01635 0.91717
36618.298385 -3.58514 0.53029 52.25972 0.00379 -0.39964 0.01732 0.91650
36618.318523 -3.63810 0.54046 52.31128 0.00410 -0.40240 0.01856 0.91526
36618.328639 -3.67693 0.54674 52.33916 0.00499 -0.40351 0.01810 0.91478
36618.338715 -3.69643 0.54516 52.36022 0.00486 -0.40473 0.01795 0.91425
36618.348779 -3.74290 0.54289 52.40185 0.00485 -0.40623 0.01845 0.91357
36618.358342 -3.74058 0.55027 52.43170 0.00529 -0.40809 0.01748 0.91276
36618.368406 -3.79503 0.56065 52.47164 0.00541 -0.40934 0.01827 0.91218
36618.378474 -3.84249 0.56847 52.51244 0.00501 -0.41046 0.01996 0.91165
36618.388539 -3.88973 0.58117 52.54628 0.00622 -0.41148 0.01798 0.91122
36618.398666 -3.93757 0.58633 52.55672 0.00653 -0.41213 0.01924 0.91090
36618.408730 -3.93326 0.59149 52.58518 0.00695 -0.41399 0.01850 0.91007
36618.418797 -3.96365 0.60281 52.60865 0.00745 -0.41509 0.01917 0.90955
36618.428862 -4.01239 0.61216 52.65726 0.00771 -0.41667 0.02011 0.90880
36618.438423 -4.04499 0.62588 52.71216 0.00781 -0.41858 0.02148 0.90789
36618.448489 -4.07593 0.63008 52.73342 0.00801 -0.41971 0.02087 0.90738
36618.458555 -4.10882 0.63153 52.75463 0.00749 -0.42077 0.02210 0.90687
36618.468664 -4.14155 0.64140 52.78154 0.00821 -0.42208 0.02143 0.90627
36618.478731 -4.18085 0.65730 52.80770 0.00894 -0.42304 0.02205 0.90580
36618.488797 -4.21081 0.66698 52.85230 0.00835 -0.42456 0.02279 0.90508
36618.498374 -4.24769 0.67414 52.88303 0.00957 -0.42594 0.02308 0.90440
36618.518503 -4.31583 0.67909 52.92615 0.00924 -0.42803 0.02243 0.90344
36618.528568 -4.37491 0.68135 52.97152 0.00905 -0.42960 0.02322 0.90267
36618.538724 -4.41673 0.68502 53.00270 0.00850 -0.43032 0.02380 0.90232
36618.548799 -4.44684 0.68532 53.03088 0.00797 -0.43197 0.02360 0.90154
36618.568426 -4.44902 0.70199 53.04356 0.00903 -0.43397 0.02314 0.90059
36618.578491 -4.47582 0.71031 53.06709 0.00925 -0.43584 0.02319 0.89968
36618.588564 -4.52012 0.71641 53.12328 0.00906 -0.43721 0.02419 0.89899
36618.598695 -4.58764 0.72805 53.16433 0.00892 -0.43874 0.02535 0.89821
36618.608760 -4.60730 0.73532 53.17806 0.00940 -0.43992 0.02512 0.89764
36618.618825 -4.64594 0.74009 53.20751 0.00935 -0.44114 0.02556 0.89703
36618.628385 -4.67263 0.74314 53.22477 0.00910 -0.44242 0.02564 0.89640
36618.638454 -4.72919 0.75313 53.27664 0.00940 -0.44376 0.02542 0.89574
36618.648519 -4.74747 0.76192 53.30198 0.00887 -0.44497 0.02604 0.89512
36618.658642 -4.78271 0.75186 53.30981 0.00987 -0.44584 0.02512 0.89471
36618.668719 -4.79961 0.75215 53.32494 0.00899 -0.44730 0.02642 0.89395
36618.678781 -4.82033 0.76165 53.34436 0.00850 -0.44888 0.02545 0.89319
36618.698420 -4.83886 0.76662 53.36486 0.00817 -0.45166 0.02689 0.89175
36618.708484 -4.87593 0.77363 53.39166 0.00945 -0.45243 0.02618 0.89136
36618.718546 -4.91853 0.78002 53.41345 0.00862 -0.45337 0.02737 0.89086
36618.728711 -4.92631 0.78014 53.42215 0.00828 -0.45535 0.02925 0.88980
36618.738778 -4.95877 0.77363 53.41846 0.00676 -0.45631 0.02992 0.88929
36618.758916 -4.99287 0.77417 53.44532 0.00658 -0.45771 0.02666 0.88868
36618.768476 -5.00838 0.77116 53.46235 0.00577 -0.45907 0.02649 0.88799
36618.778540 -5.03580 0.77446 53.47018 0.00671 -0.46056 0.02529 0.88724
36618.788777 -5.08032 0.76851 53.49265 0.00585 -0.46159 0.02665 0.88668
36618.798348 -5.15567 0.76022 53.52263 0.00537 -0.46244 0.02579 0.88626
36618.808917 -5.19519 0.76953 53.55173 0.00516 -0.46302 0.02602 0.88595
36618.818478 -5.21753 0.77171 53.57699 0.00557 -0.46411 0.02437 0.88542
36618.828551 -5.21919 0.77013 53.58666 0.00461 -0.46568 0.02488 0.88459
36618.838736 -5.26774 0.77625 53.61119 0.00416 -0.46698 0.02615 0.88387
36618.848859 -5.30941 0.77311 53.62344 0.00421 -0.46829 0.02573 0.88319
36618.858421 -5.31308 0.77994 53.62425 0.00434 -0.46955 0.02540 0.88253
36618.868484 -5.33590 0.78662 53.63855 0.00500 -0.47046 0.02487 0.88206
36618.878549 -5.39227 0.79079 53.67272 0.00540 -0.47109 0.02418 0.88174
36618.888759 -5.45712 0.77616 53.72842 0.00540 -0.47283 0.02338 0.88082
36618.898396 -5.52021 0.76374 53.75179 0.00461 -0.47384 0.02244 0.88031
36618.908968 -5.50479 0.74999 53.73050 0.00443 -0.47502 0.02181 0.87969
36618.918529 -5.55749 0.75113 53.74698 0.00415 -0.47585 0.02155 0.87925
36618.928661 -5.58203 0.74340 53.75866 0.00385 -0.47713 0.02109 0.87857
36618.938727 -5.61227 0.75289 53.76488 0.00410 -0.47795 0.02084 0.87813
36618.948800 -5.63680 0.73290 53.78040 0.00292 -0.47948 0.02154 0.87728
36618.958361 -5.67956 0.74814 53.79113 0.00438 -0.48000 0.02005 0.87703
36618.968427 -5.72896 0.75848 53.82440 0.00441 -0.48103 0.01947 0.87647
36618.978490 -5.74843 0.76546 53.83833 0.00516 -0.48189 0.02078 0.87597
36618.988554 -5.80900 0.76707 53.87708 0.00565 -0.48350 0.01903 0.87512
36618.998730 -5.83873 0.77267 53.90845 0.00535 -0.48517 0.01894 0.87420
36619.008800 -5.88370 0.77451 53.91303 0.00553 -0.48593 0.01994 0.87375
36619.018361 -5.91250 0.78872 53.93582 0.00701 -0.48704 0.01923 0.87314
36619.028939 -5.94569 0.79007 53.95526 0.00614 -0.48850 0.02085 0.87229
36619.038499 -5.98707 0.78963 53.95519 0.00632 -0.48927 0.02088 0.87186
36619.048564 -6.03161 0.79579 53.96823 0.00706 -0.48990 0.02070 0.87151
36619.058732 -6.04880 0.80487 53.98227 0.00804 -0.49120 0.02030 0.87078
36619.078407 -6.10910 0.80994 54.01025 0.00829 -0.49368 0.02123 0.86935
36619.088471 -6.14586 0.81341 54.04072 0.00959 -0.49486 0.01884 0.86872
36619.098539 -6.18258 0.81896 54.06485 0.01051 -0.49579 0.01705 0.86821
36619.108662 -6.23488 0.81234 54.08990 0.01069 -0.49652 0.01690 0.86780
36619.118727 -6.25145 0.81408 54.11223 0.01028 -0.49845 0.01822 0.86667
36619.128814 -6.29765 0.82592 54.13662 0.01176 -0.49977 0.01741 0.86591
36619.138374 -6.35413 0.82895 54.16208 0.01130 -0.50081 0.01892 0.86527
36619.158502 -6.38362 0.83644 54.18514 0.01295 -0.50274 0.01668 0.86418
36619.168571 -6.45543 0.84193 54.23077 0.01343 -0.50399 0.01704 0.86344
36619.178758 -6.51660 0.83309 54.26487 0.01285 -0.50563 0.01748 0.86248
36619.188825 -6.56249 0.82057 54.27729 0.01162 -0.50650 0.01851 0.86196
36619.198387 -6.57707 0.81964 54.30230 0.01232 -0.50778 0.01755 0.86122
36619.218523 -6.60753 0.82077 54.31248 0.01308 -0.50994 0.01661 0.85995
36619.228638 -6.65380 0.81451 54.33133 0.01133 -0.51132 0.01915 0.85910
36619.238796 -6.68938 0.81713 54.34468 0.01181 -0.51232 0.01832 0.85852
36619.258472 -6.75406 0.81887 54.36703 0.01282 -0.51419 0.01904 0.85737
36619.268536 -6.80745 0.82450 54.39317 0.01383 -0.51537 0.01838 0.85666
36619.278649 -6.81198 0.82723 54.40468 0.01443 -0.51671 0.01837 0.85584
36619.288715 -6.86350 0.81699 54.42930 0.01318 -0.51774 0.01942 0.85521
36619.298779 -6.88500 0.80983 54.44050 0.01324 -0.51917 0.01818 0.85438
36619.308844 -6.91997 0.80901 54.43906 0.01314 -0.52005 0.01895 0.85382
36619.318910 -6.97013 0.81339 54.46223 0.01333 -0.52118 0.01881 0.85313
36619.328974 -6.97608 0.81240 54.45769 0.01384 -0.52238 0.01983 0.85237
36619.338539 -7.01138 0.80313 54.47458 0.01456 -0.52322 0.01828 0.85187
36619.348772 -7.05939 0.78778 54.49814 0.01337 -0.52493 0.01914 0.85082
36619.358865 -7.09802 0.77908 54.51647 0.01286 -0.52567 0.01736 0.85041
36619.368662 -7.15578 0.77951 54.53423 0.01254 -0.52677 0.01825 0.84972
36619.378851 -7.18783 0.78583 54.54362 0.01330 -0.52792 0.01883 0.84898
36619.388414 -7.21092 0.77781 54.56222 0.01238 -0.52924 0.02058 0.84813
36619.398478 -7.26681 0.77786 54.58967 0.01295 -0.53031 0.01970 0.84747
36619.409046 -7.27491 0.78723 54.59791 0.01378 -0.53180 0.01959 0.84653
36619.418667 -7.31129 0.78005 54.61622 0.01397 -0.53267 0.01922 0.84599
36619.428730 -7.34699 0.77051 54.60978 0.01271 -0.53356 0.02089 0.84541
36619.438807 -7.37787 0.76918 54.63229 0.01320 -0.53482 0.02086 0.84460
36619.448877 -7.42624 0.77253 54.65009 0.01295 -0.53577 0.02151 0.84399
36619.458439 -7.46355 0.77290 54.66274 0.01469 -0.53639 0.01956 0.84362
36619.468506 -7.48551 0.78254 54.66903 0.01443 -0.53742 0.02045 0.84294
36619.478568 -7.53278 0.77687 54.70796 0.01548 -0.53861 0.01969 0.84218
36619.488747 -7.59108 0.78179 54.72391 0.01496 -0.53990 0.02004 0.84136
36619.498812 -7.62208 0.77920 54.74330 0.01546 -0.54066 0.01890 0.84089
36619.508878 -7.63176 0.78208 54.73519 0.01561 -0.54186 0.02085 0.84006
36619.518452 -7.65118 0.78712 54.75983 0.01552 -0.54345 0.02167 0.83902
36619.528526 -7.70739 0.78583 54.77872 0.01564 -0.54467 0.02135 0.83823
36619.538637 -7.73600 0.77880 54.81202 0.01574 -0.54593 0.02109 0.83742
36619.548790 -7.79217 0.76290 54.83686 0.01538 -0.54688 0.02066 0.83682
36619.558352 -7.80166 0.76010 54.83163 0.01462 -0.54811 0.02124 0.83601
36619.568419 -7.82942 0.76948 54.83800 0.01670 -0.54877 0.02018 0.83556
36619.578485 -7.87264 0.76682 54.85185 0.01510 -0.54992 0.02226 0.83478
36619.588550 -7.95174 0.75957 54.87536 0.01529 -0.55085 0.02059 0.83421
36619.598700 -8.01525 0.77115 54.91499 0.01593 -0.55220 0.02031 0.83331
36619.608787 -8.03848 0.78451 54.90686 0.01777 -0.55276 0.01990 0.83291
36619.618347 -8.07894 0.77940 54.92637 0.01825 -0.55376 0.01893 0.83226
36619.638483 -8.16478 0.78918 54.95220 0.01902 -0.55554 0.01915 0.83105
36619.648549 -8.21464 0.78774 54.97904 0.01953 -0.55725 0.01936 0.82989
36619.658721 -8.26546 0.79722 55.00840 0.01984 -0.55855 0.01892 0.82902
36619.668794 -8.27910 0.79074 55.00252 0.01972 -0.55936 0.01966 0.82846
36619.688420 -8.33345 0.78380 55.03622 0.02028 -0.56186 0.01856 0.82678
36619.698482 -8.35012 0.80467 55.07435 0.02125 -0.56329 0.01829 0.82578
36619.708546 -8.41322 0.79634 55.08627 0.01986 -0.56464 0.01990 0.82486
36619.718702 -8.47522 0.81110 55.10558 0.02158 -0.56574 0.01941 0.82407
36619.728768 -8.51915 0.81136 55.11679 0.02148 -0.56639 0.02007 0.82361
36619.738330 -8.57775 0.82059 55.12259 0.02190 -0.56744 0.01964 0.82289
36619.748393 -8.60505 0.82220 55.13901 0.02251 -0.56868 0.01894 0.82203
36619.758466 -8.63941 0.82023 55.14465 0.02246 -0.56958 0.01981 0.82139
36619.768532 -8.67567 0.81753 55.16398 0.02309 -0.57077 0.01879 0.82057
36619.778696 -8.71965 0.81798 55.18193 0.02327 -0.57207 0.01756 0.81969
36619.788800 -8.76052 0.81534 55.19132 0.02326 -0.57297 0.01775 0.81905
36619.798360 -8.77494 0.79904 55.19678 0.02172 -0.57431 0.01947 0.81812
36619.808424 -8.81248 0.80977 55.21362 0.02234 -0.57545 0.01885 0.81732
36619.818490 -8.84855 0.80069 55.24018 0.02238 -0.57658 0.01836 0.81653
36619.828556 -8.92001 0.82198 55.26380 0.02277 -0.57769 0.01785 0.81574
36619.838728 -8.96735 0.82255 55.27241 0.02396 -0.57859 0.01710 0.81508
36619.848792 -9.06069 0.82778 55.30377 0.02448 -0.57955 0.01698 0.81439
36619.858354 -9.05208 0.82252 55.28809 0.02421 -0.58029 0.01650 0.81388
36619.868419 -9.06424 0.81494 55.29844 0.02372 -0.58133 0.01702 0.81315
36619.878484 -9.10862 0.81631 55.30725 0.02435 -0.58205 0.01613 0.81263
36619.888549 -9.13992 0.81511 55.31422 0.02341 -0.58339 0.01759 0.81167
36619.898707 -9.20515 0.81765 55.34731 0.02389 -0.58437 0.01642 0.81097
36619.908768 -9.25516 0.83183 55.36336 0.02483 -0.58542 0.01709 0.81017
36619.928399 -9.29616 0.83151 55.37960 0.02444 -0.58726 0.01697 0.80885
36619.938468 -9.34428 0.83139 55.41053 0.02496 -0.58872 0.01705 0.80777
36619.948533 -9.42693 0.84419 55.43551 0.02515 -0.58985 0.01739 0.80693
36619.958725 -9.45155 0.83738 55.42923 0.02508 -0.59049 0.01679 0.80648
36619.968787 -9.47895 0.83044 55.41802 0.02511 -0.59098 0.01648 0.80613
36619.978350 -9.49834 0.82759 55.42852 0.02537 -0.59199 0.01512 0.80541
36619.988414 -9.50808 0.82982 55.42842 0.02442 -0.59320 0.01717 0.80450
36619.998478 -9.58144 0.81708 55.45019 0.02343 -0.59432 0.01798 0.80369
36620.008553 -9.62247 0.81612 55.46241 0.02393 -0.59523 0.01656 0.80303
36620.018700 -9.63229 0.81762 55.47108 0.02424 -0.59605 0.01664 0.80241
36620.028764 -9.67461 0.83163 55.48437 0.02514 -0.59714 0.01557 0.80160
36620.038829 -9.75178 0.83733 55.52409 0.02561 -0.59834 0.01583 0.80067
36620.048387 -9.78886 0.84114 55.54163 0.02599 -0.59947 0.01542 0.79983
36620.058454 -9.83218 0.85403 55.54421 0.02619 -0.60019 0.01588 0.79927
36620.068516 -9.91938 0.84681 55.56406 0.02643 -0.60114 0.01641 0.79854
36620.078603 -9.96909 0.83705 55.57758 0.02565 -0.60195 0.01596 0.79796
36620.088765 -9.98895 0.83237 55.57491 0.02547 -0.60280 0.01634 0.79732
36620.098834 -10.04731 0.85013 55.60396 0.02537 -0.60414 0.01627 0.79631
36620.108393 -10.03714 0.85633 55.61538 0.02687 -0.60507 0.01510 0.79557
36620.118459 -10.08638 0.85997 55.61946 0.02719 -0.60587 0.01521 0.79495
36620.128523 -10.13863 0.84581 55.62418 0.02602 -0.60683 0.01588 0.79424
36620.138604 -10.20221 0.85803 55.66268 0.02655 -0.60814 0.01596 0.79322
36620.148773 -10.25207 0.85691 55.68834 0.02653 -0.60923 0.01670 0.79237
36620.158844 -10.28497 0.86375 55.69139 0.02746 -0.60989 0.01543 0.79186
36620.168400 -10.32629 0.86634 55.69100 0.02860 -0.61080 0.01564 0.79111
36620.178464 -10.37280 0.86502 55.69156 0.02811 -0.61172 0.01579 0.79042
36620.188531 -10.41022 0.87362 55.71923 0.02865 -0.61277 0.01526 0.78959
36620.198611 -10.46278 0.87122 55.74103 0.02796 -0.61405 0.01610 0.78861
36620.208772 -10.48875 0.87353 55.76452 0.02778 -0.61515 0.01591 0.78776
36620.228399 -10.55459 0.87727 55.77127 0.02823 -0.61688 0.01541 0.78640
36620.238464 -10.63430 0.86070 55.76946 0.02781 -0.61739 0.01598 0.78600
36620.248535 -10.64090 0.84787 55.75493 0.02643 -0.61835 0.01700 0.78527
36620.258646 -10.67539 0.85575 55.75992 0.02739 -0.61891 0.01581 0.78482
36620.268762 -10.76642 0.84301 55.77444 0.02781 -0.62002 0.01550 0.78394
36620.278826 -10.80758 0.85650 55.79253 0.02773 -0.62079 0.01526 0.78334
36620.288387 -10.83647 0.86550 55.81105 0.02785 -0.62188 0.01532 0.78247
36620.298452 -10.89576 0.87683 55.83734 0.02912 -0.62285 0.01402 0.78167
36620.308516 -10.92156 0.87772 55.83236 0.02857 -0.62368 0.01537 0.78101
36620.318580 -11.00109 0.87848 55.85031 0.02845 -0.62450 0.01562 0.78035
36620.328787 -11.01816 0.87565 55.86085 0.02814 -0.62567 0.01603 0.77942
36620.338345 -11.08884 0.88049 55.86685 0.02922 -0.62621 0.01453 0.77897
36620.348409 -11.13917 0.88835 55.88603 0.02973 -0.62731 0.01508 0.77805
36620.358475 -11.17472 0.88716 55.89120 0.02887 -0.62841 0.01468 0.77721
36620.368540 -11.21107 0.88125 55.90545 0.02911 -0.62893 0.01465 0.77678
36620.378648 -11.24611 0.88876 55.91082 0.02908 -0.63003 0.01485 0.77588
36620.388803 -11.29047 0.86595 55.91220 0.02845 -0.63085 0.01426 0.77525
36620.398378 -11.35809 0.86326 55.91491 0.02822 -0.63174 0.01440 0.77454
36620.408446 -11.36955 0.86603 55.90473 0.02761 -0.63223 0.01467 0.77415
36620.418512 -11.42298 0.85343 55.91099 0.02806 -0.63328 0.01376 0.77329
36620.428578 -11.47082 0.86300 55.90922 0.02875 -0.63402 0.01341 0.77267
36620.438724 -11.47265 0.85354 55.90907 0.02790 -0.63494 0.01351 0.77194
36620.448787 -11.49710 0.82583 55.90285 0.02656 -0.63615 0.01410 0.77098
36620.458349 -11.52914 0.83200 55.90895 0.02668 -0.63670 0.01423 0.77052
36620.468414 -11.53838 0.81869 55.91561 0.02663 -0.63799 0.01359 0.76946
36620.478482 -11.59888 0.82037 55.92362 0.02666 -0.63867 0.01391 0.76889
36620.488548 -11.69006 0.81248 55.91552 0.02731 -0.63943 0.01308 0.76825
36620.498717 -11.69576 0.80860 55.91917 0.02756 -0.64062 0.01326 0.76725
36620.508781 -11.72165 0.81806 55.95051 0.02796 -0.64153 0.01329 0.76647
36620.518343 -11.78556 0.81390 55.95620 0.02886 -0.64243 0.01309 0.76569
36620.528407 -11.83496 0.82015 55.96095 0.02814 -0.64361 0.01360 0.76471
36620.538471 -11.89196 0.82486 55.98073 0.02867 -0.64443 0.01296 0.76401
36620.548539 -11.97863 0.81627 55.98747 0.02920 -0.64535 0.01349 0.76321
36620.558699 -11.98291 0.82057 55.97479 0.02980 -0.64580 0.01288 0.76282
36620.568779 -12.01657 0.79143 55.96923 0.03030 -0.64661 0.01212 0.76213
36620.578342 -12.05516 0.78645 55.95721 0.02920 -0.64738 0.01242 0.76151
36620.588404 -12.08145 0.77095 55.95676 0.02891 -0.64882 0.01333 0.76028
36620.598469 -12.08308 0.76161 55.95310 0.02860 -0.64988 0.01309 0.75939
36620.608534 -12.13447 0.77968 55.95876 0.02990 -0.65019 0.01325 0.75907
36620.618711 -12.20835 0.77626 55.97244 0.03039 -0.65118 0.01215 0.75821
36620.628776 -12.22310 0.78181 55.97637 0.03044 -0.65217 0.01256 0.75736
36620.638338 -12.35288 0.78903 56.00177 0.03248 -0.65296 0.01197 0.75660
36620.648404 -12.34597 0.79226 55.99685 0.03212 -0.65405 0.01275 0.75566
36620.658478 -12.39920 0.77435 56.00492 0.03251 -0.65455 0.01180 0.75522
36620.668542 -12.41988 0.77975 55.99814 0.03271 -0.65547 0.01204 0.75441
36620.678709 -12.44671 0.76545 56.00945 0.03204 -0.65654 0.01250 0.75351
36620.688781 -12.47149 0.75496 56.00653 0.03145 -0.65746 0.01298 0.75272
36620.698343 -12.50533 0.76417 55.99418 0.03111 -0.65728 0.01219 0.75290
