36607.444408 -0.01346 -0.00252 0.04981 -0.00011 0.00026 -0.00092 1.00000
36607.454483 -0.00021 0.00199 0.09546 0.00032 -0.00001 -0.00119 1.00000
36607.464561 -0.00869 -0.01080 0.17192 0.00014 -0.00011 0.00059 1.00000
36607.474269 -0.01020 -0.00719 0.20764 -0.00009 -0.00007 0.00038 1.00000
36607.484434 -0.00569 -0.00029 0.27332 0.00001 -0.00004 0.00018 1.00000
36607.494514 0.00315 0.00361 0.31234 0.00023 -0.00009 0.00009 1.00000
36607.504624 0.00314 -0.00589 0.35637 -0.00020 -0.00012 0.00069 1.00000
36607.514688 0.00839 -0.00596 0.38552 -0.00015 -0.00020 -0.00033 1.00000
36607.524265 0.00120 -0.00516 0.47985 0.00024 -0.00017 -0.00033 1.00000
36607.534469 0.01393 -0.00466 0.50603 0.00011 -0.00057 0.00008 1.00000
36607.544557 0.00737 0.00468 0.57315 -0.00004 -0.00007 -0.00032 1.00000
36607.554655 -0.00433 -0.00285 0.60459 -0.00018 -0.00008 -0.00053 1.00000
36607.564220 -0.00877 -0.00713 0.64523 -0.00065 -0.00006 0.00077 1.00000
36607.574284 -0.01836 -0.01037 0.69951 -0.00050 0.00035 0.00087 1.00000
36607.584389 -0.02337 -0.00915 0.70937 -0.00051 0.00054 -0.00054 1.00000
36607.594508 -0.01630 0.00026 0.75854 -0.00010 0.00041 -0.00052 1.00000
36607.604576 -0.00431 -0.00116 0.84811 -0.00091 0.00033 -0.00034 1.00000
36607.614164 -0.02442 -0.01996 0.86183 -0.00076 0.00061 0.00002 1.00000
36607.624234 -0.01117 -0.01031 0.92302 -0.00100 0.00017 0.00031 1.00000
36607.634308 -0.01868 -0.01781 0.95678 -0.00076 0.00020 0.00062 1.00000
36607.644370 -0.02593 -0.01787 1.02379 -0.00114 0.00029 0.00017 1.00000
36607.654434 -0.01550 -0.03866 1.06906 -0.00139 0.00024 0.00078 1.00000
36607.664505 -0.02886 -0.03219 1.09472 -0.00119 0.00020 0.00020 1.00000
36607.674620 -0.03149 -0.02507 1.08469 -0.00107 0.00030 -0.00026 1.00000
36607.684204 -0.02507 -0.03024 1.13371 -0.00107 0.00020 0.00124 1.00000
36607.694335 -0.02797 -0.01922 1.19291 -0.00091 0.00011 -0.00023 1.00000
36607.704406 -0.02562 -0.02258 1.23704 -0.00125 0.00003 -0.00052 1.00000
36607.714476 -0.03101 -0.01826 1.27024 -0.00089 0.00026 -0.00056 1.00000
36607.724544 -0.03168 -0.01722 1.32674 -0.00107 0.00023 -0.00087 1.00000
36607.734212 -0.03931 -0.02012 1.36929 -0.00122 0.00029 -0.00073 1.00000
36607.744283 -0.03858 -0.01435 1.42069 -0.00076 0.00030 -0.00081 1.00000
36607.754349 -0.03538 -0.01689 1.48793 -0.00138 0.00017 -0.00047 1.00000
36607.764420 -0.03603 -0.03082 1.49701 -0.00128 0.00024 -0.00053 1.00000
36607.774493 -0.02599 -0.02273 1.55732 -0.00195 0.00008 -0.00099 1.00000
36607.784576 -0.04258 -0.02215 1.63072 -0.00169 0.00024 0.00005 1.00000
36607.794356 -0.03667 -0.01434 1.68653 -0.00140 0.00045 -0.00068 1.00000
36607.804421 -0.04044 -0.01587 1.73039 -0.00152 0.00019 -0.00032 1.00000
36607.814490 -0.04333 -0.02535 1.72139 -0.00162 -0.00006 -0.00039 1.00000
36607.824550 -0.03876 -0.02301 1.79653 -0.00154 0.00027 -0.00003 1.00000
36607.834655 -0.03649 -0.02479 1.83712 -0.00160 0.00027 -0.00013 1.00000
36607.844449 -0.04805 -0.01868 1.90909 -0.00167 0.00038 -0.00064 1.00000
36607.854512 -0.04606 -0.01989 1.95673 -0.00135 0.00066 -0.00039 1.00000
36607.864183 -0.05036 -0.01704 1.98624 -0.00130 0.00035 -0.00083 1.00000
36607.874270 -0.04109 -0.01984 2.00159 -0.00182 0.00002 -0.00078 1.00000
36607.884419 -0.04886 -0.02334 2.06282 -0.00144 0.00022 0.00001 1.00000
36607.894539 -0.05209 -0.01595 2.12328 -0.00145 0.00020 -0.00103 1.00000
36607.904635 -0.05123 -0.01290 2.18112 -0.00117 0.00048 -0.00166 1.00000
36607.914203 -0.04992 -0.01305 2.20532 -0.00119 0.00033 -0.00122 1.00000
36607.924278 -0.05519 -0.00987 2.25279 -0.00117 0.00039 -0.00094 1.00000
36607.934360 -0.06092 -0.00929 2.30672 -0.00134 0.00048 -0.00085 1.00000
36607.944428 -0.05488 -0.02099 2.34822 -0.00182 0.00047 -0.00087 1.00000
36607.954495 -0.05682 -0.01448 2.42962 -0.00167 0.00045 -0.00043 1.00000
36607.964561 -0.06971 -0.00725 2.43180 -0.00142 0.00072 -0.00101 1.00000
36607.974666 -0.06335 -0.01377 2.50423 -0.00128 0.00050 -0.00073 1.00000
36607.994489 -0.05617 -0.00795 2.60445 -0.00127 0.00037 -0.00103 1.00000
36608.004559 -0.06738 -0.00487 2.64303 -0.00120 0.00070 -0.00093 1.00000
36608.014653 -0.06907 -0.01678 2.67310 -0.00173 0.00073 -0.00073 1.00000
36608.024219 -0.06637 -0.01759 2.71761 -0.00155 0.00085 0.00003 1.00000
36608.034313 -0.06928 -0.01703 2.74938 -0.00211 0.00052 -0.00093 1.00000
36608.044400 -0.06908 -0.01961 2.83002 -0.00213 0.00076 -0.00089 1.00000
36608.054465 -0.07586 -0.01464 2.87434 -0.00244 0.00045 -0.00055 1.00000
36608.064537 -0.06074 -0.01682 2.94429 -0.00246 0.00073 -0.00085 1.00000
36608.074659 -0.07218 -0.01604 2.95979 -0.00205 0.00075 -0.00117 1.00000
36608.084223 -0.07230 -0.01503 3.04040 -0.00239 0.00062 -0.00060 1.00000
36608.094293 -0.07176 -0.01396 3.09019 -0.00253 0.00045 -0.00128 1.00000
36608.104356 -0.08059 -0.01084 3.13825 -0.00225 0.00066 -0.00105 1.00000
36608.114437 -0.07286 -0.01414 3.19107 -0.00256 0.00078 -0.00055 1.00000
36608.124502 -0.07469 -0.01264 3.21637 -0.00252 0.00109 -0.00109 1.00000
36608.134584 -0.07758 -0.01137 3.26865 -0.00274 0.00117 -0.00072 1.00000
36608.144189 -0.08460 -0.01458 3.33322 -0.00248 0.00110 -0.00114 1.00000
36608.154260 -0.07346 -0.01401 3.37955 -0.00295 0.00072 -0.00108 0.99999
36608.164326 -0.07957 -0.01679 3.45100 -0.00317 0.00096 -0.00157 0.99999
36608.174393 -0.08114 -0.01549 3.49093 -0.00338 0.00123 -0.00150 0.99999
36608.184473 -0.08176 -0.01318 3.50616 -0.00278 0.00106 -0.00135 0.99999
36608.194543 -0.08674 -0.00780 3.58383 -0.00276 0.00107 -0.00128 0.99999
36608.204636 -0.08975 -0.00591 3.64269 -0.00300 0.00112 -0.00118 0.99999
36608.224263 -0.09267 -0.01421 3.76234 -0.00341 0.00118 -0.00123 0.99999
36608.234338 -0.08726 -0.00895 3.80274 -0.00352 0.00126 -0.00101 0.99999
36608.244403 -0.08297 -0.00600 3.84706 -0.00367 0.00147 -0.00137 0.99999
36608.254471 -0.08085 -0.01143 3.93011 -0.00352 0.00112 -0.00140 0.99999
36608.264536 -0.08361 -0.00871 3.96618 -0.00373 0.00128 -0.00136 0.99999
36608.274646 -0.07855 -0.01729 4.00508 -0.00376 0.00141 -0.00139 0.99999
36608.294286 -0.09449 -0.01946 4.12281 -0.00413 0.00147 -0.00187 0.99999
36608.304348 -0.09346 -0.01961 4.18724 -0.00395 0.00104 -0.00159 0.99999
36608.314411 -0.08984 -0.02113 4.26672 -0.00379 0.00133 -0.00257 0.99999
36608.324475 -0.09467 -0.01215 4.28241 -0.00359 0.00170 -0.00270 0.99999
36608.334539 -0.09153 -0.01527 4.35414 -0.00354 0.00140 -0.00223 0.99999
36608.344627 -0.09907 -0.02260 4.40285 -0.00398 0.00166 -0.00243 0.99999
36608.354691 -0.10721 -0.02445 4.43940 -0.00343 0.00174 -0.00247 0.99999
36608.374323 -0.10119 -0.02053 4.52399 -0.00294 0.00129 -0.00235 0.99999
36608.384395 -0.10379 -0.02305 4.60062 -0.00271 0.00203 -0.00404 0.99999
36608.394461 -0.10130 -0.02606 4.66873 -0.00220 0.00160 -0.00313 0.99999
36608.404554 -0.10938 -0.02111 4.71271 -0.00206 0.00200 -0.00420 0.99999
36608.414651 -0.09402 -0.01806 4.76706 -0.00185 0.00142 -0.00226 0.99999
36608.434331 -0.09643 -0.02362 4.86275 -0.00221 0.00147 -0.00319 0.99999
36608.444400 -0.10100 -0.01708 4.92159 -0.00179 0.00164 -0.00368 0.99999
36608.454479 -0.10915 -0.02837 4.97437 -0.00153 0.00187 -0.00378 0.99999
36608.464562 -0.09747 -0.02489 5.03347 -0.00141 0.00121 -0.00279 0.99999
36608.474450 -0.11492 -0.02347 5.08075 -0.00135 0.00197 -0.00281 0.99999
36608.484509 -0.11168 -0.02951 5.12468 -0.00106 0.00188 -0.00245 0.99999
36608.494574 -0.10502 -0.02626 5.18191 -0.00104 0.00184 -0.00208 1.00000
36608.504182 -0.10611 -0.02572 5.26694 -0.00097 0.00156 -0.00233 1.00000
36608.514267 -0.11656 -0.01545 5.29082 -0.00066 0.00213 -0.00373 0.99999
36608.524330 -0.11268 -0.02289 5.33672 -0.00079 0.00196 -0.00269 0.99999
36608.534394 -0.12472 -0.01616 5.38271 -0.00067 0.00232 -0.00340 0.99999
36608.544463 -0.12765 -0.02759 5.47906 -0.00061 0.00219 -0.00244 0.99999
36608.554531 -0.11844 -0.03142 5.53819 -0.00058 0.00242 -0.00315 0.99999
36608.564627 -0.12642 -0.02813 5.55158 -0.00050 0.00241 -0.00334 0.99999
36608.574190 -0.11573 -0.02416 5.62402 -0.00065 0.00217 -0.00339 0.99999
36608.584254 -0.12310 -0.02360 5.64933 -0.00045 0.00178 -0.00192 1.00000
36608.594323 -0.11680 -0.01957 5.73142 0.00026 0.00211 -0.00239 0.99999
36608.604405 -0.11361 -0.02274 5.79158 -0.00037 0.00250 -0.00340 0.99999
36608.614480 -0.11238 -0.02859 5.82342 -0.00015 0.00216 -0.00156 1.00000
36608.624542 -0.12241 -0.02158 5.89298 0.00012 0.00248 -0.00274 0.99999
36608.644210 -0.11539 -0.03071 5.99523 -0.00005 0.00239 -0.00257 0.99999
36608.654276 -0.12425 -0.02739 6.06273 -0.00044 0.00230 -0.00312 0.99999
36608.664349 -0.11314 -0.01965 6.10180 0.00014 0.00230 -0.00231 0.99999
36608.674416 -0.11215 -0.02722 6.15147 0.00009 0.00238 -0.00285 0.99999
36608.684479 -0.11882 -0.02155 6.22128 0.00026 0.00268 -0.00350 0.99999
36608.694546 -0.11407 -0.02872 6.28288 0.00003 0.00251 -0.00223 0.99999
36608.704643 -0.11946 -0.02243 6.33797 0.00012 0.00229 -0.00162 1.00000
36608.724268 -0.13015 -0.02619 6.38465 -0.00050 0.00271 -0.00334 0.99999
36608.734338 -0.12571 -0.03045 6.47791 -0.00090 0.00247 -0.00345 0.99999
36608.744407 -0.13451 -0.02021 6.54478 -0.00094 0.00265 -0.00296 0.99999
36608.754474 -0.12626 -0.03302 6.61225 -0.00102 0.00286 -0.00403 0.99999
36608.764544 -0.12710 -0.02974 6.65563 -0.00157 0.00272 -0.00397 0.99999
36608.774632 -0.12838 -0.02518 6.67469 -0.00175 0.00261 -0.00350 0.99999
36608.784197 -0.13991 -0.01889 6.75944 -0.00176 0.00318 -0.00382 0.99999
36608.794284 -0.14482 -0.02529 6.80026 -0.00219 0.00323 -0.00447 0.99998
36608.804350 -0.14674 -0.02598 6.86759 -0.00228 0.00328 -0.00364 0.99999
36608.814415 -0.14053 -0.03194 6.94383 -0.00289 0.00302 -0.00385 0.99998
36608.824479 -0.14164 -0.02339 6.95627 -0.00271 0.00327 -0.00397 0.99998
36608.834547 -0.13462 -0.02946 7.03367 -0.00326 0.00348 -0.00478 0.99998
36608.844647 -0.14857 -0.03133 7.09872 -0.00324 0.00316 -0.00401 0.99998
36608.854224 -0.14902 -0.01895 7.17698 -0.00323 0.00342 -0.00391 0.99998
36608.864292 -0.14329 -0.02525 7.24309 -0.00351 0.00333 -0.00488 0.99998
36608.874361 -0.16088 -0.01835 7.23881 -0.00337 0.00352 -0.00466 0.99998
36608.884426 -0.15403 -0.02464 7.32788 -0.00368 0.00366 -0.00484 0.99997
36608.894509 -0.15281 -0.01304 7.38044 -0.00359 0.00366 -0.00507 0.99997
36608.904572 -0.15610 -0.02869 7.42686 -0.00386 0.00311 -0.00435 0.99998
36608.914670 -0.16397 -0.03514 7.47489 -0.00376 0.00373 -0.00441 0.99998
36608.924232 -0.16987 -0.02516 7.50644 -0.00415 0.00392 -0.00547 0.99997
36608.934301 -0.16875 -0.02944 7.57335 -0.00388 0.00368 -0.00572 0.99997
36608.944368 -0.16966 -0.02684 7.63513 -0.00443 0.00367 -0.00577 0.99997
36608.954438 -0.16137 -0.02675 7.67910 -0.00435 0.00350 -0.00572 0.99997
36608.964508 -0.16163 -0.02595 7.77101 -0.00423 0.00341 -0.00557 0.99997
36608.974576 -0.16670 -0.02663 7.80975 -0.00477 0.00366 -0.00471 0.99997
36608.984679 -0.16408 -0.03229 7.84687 -0.00444 0.00333 -0.00541 0.99997
36608.994242 -0.16914 -0.02563 7.93294 -0.00442 0.00375 -0.00494 0.99997
36609.004308 -0.16392 -0.02485 7.98112 -0.00443 0.00373 -0.00538 0.99997
36609.014372 -0.17094 -0.01617 8.06524 -0.00426 0.00388 -0.00655 0.99996
36609.024440 -0.17518 -0.02991 8.07464 -0.00430 0.00385 -0.00553 0.99997
36609.034510 -0.17694 -0.02268 8.14238 -0.00432 0.00411 -0.00568 0.99997
36609.044573 -0.18091 -0.02346 8.21672 -0.00492 0.00436 -0.00540 0.99996
36609.054673 -0.18329 -0.01828 8.29025 -0.00468 0.00428 -0.00588 0.99996
36609.064245 -0.18066 -0.02440 8.31783 -0.00469 0.00440 -0.00438 0.99997
36609.074313 -0.17941 -0.02374 8.36230 -0.00465 0.00416 -0.00624 0.99996
36609.084400 -0.17851 -0.02501 8.43162 -0.00428 0.00434 -0.00542 0.99997
36609.094459 -0.18566 -0.02278 8.49092 -0.00480 0.00458 -0.00643 0.99996
36609.104523 -0.18012 -0.01491 8.56831 -0.00471 0.00459 -0.00595 0.99996
36609.114648 -0.18044 -0.02068 8.63586 -0.00458 0.00447 -0.00559 0.99996
36609.124711 -0.18056 -0.01374 8.66603 -0.00478 0.00444 -0.00556 0.99996
36609.134271 -0.18557 -0.01773 8.69919 -0.00442 0.00450 -0.00498 0.99997
36609.144339 -0.18685 -0.02013 8.79420 -0.00455 0.00481 -0.00613 0.99996
36609.154408 -0.18524 -0.02059 8.84733 -0.00417 0.00454 -0.00695 0.99996
36609.164470 -0.18405 -0.01731 8.90831 -0.00415 0.00471 -0.00433 0.99997
36609.174547 -0.19027 -0.02083 8.94832 -0.00442 0.00474 -0.00671 0.99996
36609.184636 -0.19148 -0.00672 9.00799 -0.00430 0.00481 -0.00695 0.99996
36609.194710 -0.19317 -0.01091 9.08818 -0.00430 0.00484 -0.00482 0.99997
36609.204272 -0.19254 -0.00659 9.13507 -0.00422 0.00497 -0.00611 0.99996
36609.214338 -0.18293 -0.00715 9.20315 -0.00409 0.00467 -0.00589 0.99996
36609.224405 -0.19409 -0.01552 9.23867 -0.00449 0.00496 -0.00581 0.99996
36609.234469 -0.19046 -0.01719 9.29691 -0.00417 0.00487 -0.00608 0.99996
36609.244534 -0.18011 -0.02083 9.35910 -0.00408 0.00485 -0.00622 0.99996
36609.254632 -0.18692 -0.02559 9.41271 -0.00411 0.00480 -0.00679 0.99996
36609.264256 -0.18936 -0.01835 9.49380 -0.00349 0.00498 -0.00752 0.99995
36609.274325 -0.19713 -0.02193 9.51047 -0.00419 0.00508 -0.00741 0.99995
36609.284392 -0.19031 -0.01774 9.57704 -0.00433 0.00517 -0.00703 0.99995
36609.294454 -0.19745 -0.02153 9.66978 -0.00424 0.00520 -0.00775 0.99995
36609.304523 -0.18893 -0.01872 9.70898 -0.00425 0.00500 -0.00739 0.99995
36609.314607 -0.19448 -0.02800 9.73000 -0.00419 0.00516 -0.00763 0.99995
36609.324176 -0.19340 -0.02270 9.80334 -0.00413 0.00478 -0.00739 0.99995
36609.334244 -0.19852 -0.01811 9.87862 -0.00432 0.00490 -0.00830 0.99994
36609.344311 -0.20089 -0.02460 9.93877 -0.00433 0.00517 -0.00818 0.99994
36609.354393 -0.19498 -0.02910 9.98646 -0.00411 0.00473 -0.00866 0.99994
36609.364514 -0.19715 -0.01483 10.05742 -0.00437 0.00518 -0.00953 0.99993
36609.374582 -0.19606 -0.01745 10.10251 -0.00446 0.00520 -0.00853 0.99994
36609.384180 -0.20155 -0.00844 10.15889 -0.00413 0.00525 -0.00908 0.99994
36609.394246 -0.19438 -0.01925 10.21489 -0.00412 0.00508 -0.00900 0.99994
36609.404317 -0.20594 -0.01358 10.28404 -0.00427 0.00511 -0.00932 0.99993
36609.414385 -0.20580 -0.00736 10.35503 -0.00440 0.00509 -0.00976 0.99993
36609.424450 -0.19626 -0.01729 10.38824 -0.00470 0.00521 -0.00984 0.99993
36609.434514 -0.19739 -0.01561 10.43369 -0.00473 0.00530 -0.01019 0.99992
36609.454184 -0.20396 -0.01358 10.56843 -0.00454 0.00505 -0.00943 0.99993
36609.464253 -0.19248 -0.01704 10.66624 -0.00446 0.00515 -0.00982 0.99993
36609.474324 -0.19780 -0.01676 10.68792 -0.00432 0.00519 -0.00964 0.99993
36609.484387 -0.18949 -0.00844 10.75425 -0.00417 0.00515 -0.00944 0.99993
36609.494451 -0.19204 -0.02347 10.81070 -0.00442 0.00524 -0.01026 0.99992
36609.504519 -0.17728 -0.01727 10.88384 -0.00456 0.00503 -0.00976 0.99993
36609.514624 -0.18974 -0.03318 10.92252 -0.00466 0.00502 -0.00949 0.99993
36609.524182 -0.19692 -0.02330 10.95324 -0.00450 0.00484 -0.01036 0.99992
36609.534267 -0.19663 -0.02415 11.02588 -0.00428 0.00516 -0.01020 0.99993
36609.544367 -0.20047 -0.02474 11.10282 -0.00454 0.00482 -0.01035 0.99992
36609.554431 -0.19448 -0.02776 11.19014 -0.00441 0.00519 -0.01030 0.99992
36609.564499 -0.19570 -0.02435 11.23619 -0.00420 0.00518 -0.00941 0.99993
36609.574570 -0.19806 -0.01990 11.30253 -0.00400 0.00531 -0.01066 0.99992
36609.584160 -0.20615 -0.02155 11.34812 -0.00411 0.00532 -0.01068 0.99992
36609.594225 -0.19620 -0.02140 11.41525 -0.00411 0.00523 -0.01034 0.99992
36609.604290 -0.21350 -0.02717 11.44171 -0.00413 0.00556 -0.01062 0.99992
36609.614358 -0.21197 -0.03365 11.52748 -0.00416 0.00519 -0.00982 0.99993
36609.624434 -0.18979 -0.02943 11.57896 -0.00441 0.00541 -0.01047 0.99992
36609.634497 -0.18531 -0.03663 11.62440 -0.00439 0.00479 -0.01017 0.99993
36609.644560 -0.19180 -0.03480 11.72142 -0.00456 0.00531 -0.00969 0.99993
36609.664221 -0.18617 -0.03592 11.83519 -0.00389 0.00521 -0.01002 0.99993
36609.674283 -0.18863 -0.03654 11.86952 -0.00366 0.00492 -0.01017 0.99993
36609.684347 -0.19083 -0.02486 11.94433 -0.00394 0.00517 -0.01016 0.99993
36609.694408 -0.19635 -0.03850 12.00397 -0.00391 0.00568 -0.01071 0.99992
36609.704481 -0.19401 -0.03507 12.06781 -0.00395 0.00545 -0.01027 0.99992
36609.714562 -0.18676 -0.03858 12.12560 -0.00383 0.00538 -0.00993 0.99993
36609.734218 -0.18297 -0.04109 12.22332 -0.00365 0.00550 -0.01024 0.99993
36609.744282 -0.18249 -0.03039 12.29829 -0.00362 0.00529 -0.00985 0.99993
36609.754345 -0.17675 -0.04767 12.38303 -0.00381 0.00536 -0.00984 0.99993
36609.764409 -0.18336 -0.03510 12.43857 -0.00341 0.00540 -0.01055 0.99992
36609.774477 -0.18037 -0.03506 12.46942 -0.00343 0.00525 -0.00993 0.99993
36609.784546 -0.17689 -0.04055 12.54167 -0.00353 0.00523 -0.00926 0.99994
36609.794645 -0.18374 -0.04421 12.61035 -0.00364 0.00569 -0.00993 0.99993
36609.804226 -0.19578 -0.03850 12.68099 -0.00356 0.00584 -0.00965 0.99993
36609.814288 -0.19034 -0.03745 12.76538 -0.00331 0.00570 -0.01016 0.99993
36609.824377 -0.19044 -0.03581 12.78436 -0.00329 0.00595 -0.00976 0.99993
36609.834440 -0.18136 -0.04399 12.82975 -0.00323 0.00582 -0.00982 0.99993
36609.844506 -0.17702 -0.04365 12.90311 -0.00345 0.00589 -0.01026 0.99992
36609.854573 -0.18501 -0.04023 12.97426 -0.00349 0.00596 -0.00971 0.99993
36609.864189 -0.18121 -0.03944 13.07042 -0.00318 0.00604 -0.00914 0.99993
36609.874259 -0.18451 -0.03012 13.09591 -0.00308 0.00629 -0.00928 0.99993
36609.884328 -0.18889 -0.03145 13.12018 -0.00285 0.00658 -0.00968 0.99993
36609.894391 -0.18222 -0.04363 13.22795 -0.00301 0.00621 -0.00947 0.99993
36609.904458 -0.17372 -0.04058 13.29484 -0.00316 0.00615 -0.00898 0.99994
36609.914542 -0.18159 -0.03934 13.35953 -0.00296 0.00646 -0.00980 0.99993
36609.924629 -0.17398 -0.04860 13.36869 -0.00313 0.00620 -0.00947 0.99993
36609.934229 -0.16496 -0.05179 13.40990 -0.00328 0.00618 -0.00970 0.99993
36609.944300 -0.18717 -0.05146 13.51501 -0.00327 0.00637 -0.00910 0.99993
36609.954368 -0.17831 -0.04970 13.58335 -0.00324 0.00667 -0.00920 0.99993
36609.964444 -0.17573 -0.05115 13.63547 -0.00339 0.00641 -0.00907 0.99993
36609.974512 -0.17975 -0.04740 13.65709 -0.00314 0.00681 -0.00922 0.99993
36609.984578 -0.16590 -0.04032 13.75856 -0.00353 0.00693 -0.00920 0.99993
36609.994692 -0.16289 -0.04432 13.80626 -0.00343 0.00722 -0.00868 0.99993
36610.004253 -0.16765 -0.05287 13.88941 -0.00343 0.00715 -0.00898 0.99993
36610.014322 -0.19172 -0.04701 13.92505 -0.00349 0.00761 -0.00864 0.99993
36610.024391 -0.16845 -0.05361 14.00101 -0.00342 0.00719 -0.00876 0.99993
36610.034456 -0.17234 -0.05077 14.03063 -0.00397 0.00750 -0.01001 0.99991
36610.044519 -0.16920 -0.05032 14.10438 -0.00423 0.00787 -0.00992 0.99991
36610.054167 -0.17325 -0.05088 14.14151 -0.00418 0.00764 -0.00882 0.99992
36610.064238 -0.17219 -0.05558 14.23444 -0.00455 0.00802 -0.01019 0.99991
36610.074313 -0.17436 -0.04785 14.29630 -0.00454 0.00809 -0.00936 0.99991
36610.084386 -0.16989 -0.05124 14.35021 -0.00404 0.00842 -0.00947 0.99991
36610.094457 -0.16642 -0.05596 14.39933 -0.00435 0.00867 -0.00931 0.99991
36610.104521 -0.17337 -0.06280 14.48882 -0.00432 0.00849 -0.00885 0.99992
36610.114608 -0.17281 -0.05356 14.55951 -0.00457 0.00905 -0.00913 0.99991
36610.124182 -0.17450 -0.05100 14.56252 -0.00439 0.00929 -0.01000 0.99990
36610.134244 -0.18680 -0.04970 14.65180 -0.00474 0.00934 -0.00985 0.99990
36610.144316 -0.16919 -0.05610 14.70649 -0.00472 0.00936 -0.00888 0.99991
36610.154386 -0.16997 -0.05710 14.75773 -0.00490 0.00956 -0.00982 0.99989
36610.164454 -0.16968 -0.05509 14.84532 -0.00541 0.00925 -0.00908 0.99990
36610.174526 -0.16602 -0.06008 14.88881 -0.00506 0.00988 -0.01030 0.99989
36610.194200 -0.16082 -0.04840 14.98443 -0.00521 0.01001 -0.00886 0.99990
36610.204268 -0.15650 -0.06062 15.05330 -0.00516 0.01018 -0.00866 0.99990
36610.214340 -0.15544 -0.05765 15.10715 -0.00550 0.01008 -0.00850 0.99990
36610.224405 -0.15515 -0.05669 15.16829 -0.00548 0.01010 -0.00876 0.99990
36610.234473 -0.15980 -0.06082 15.25085 -0.00556 0.01072 -0.00899 0.99989
36610.244541 -0.17653 -0.05855 15.27473 -0.00547 0.01104 -0.00907 0.99988
36610.264222 -0.14901 -0.05838 15.44921 -0.00578 0.01091 -0.00803 0.99989
36610.272780 -0.15349 -0.05947 15.48892 -0.00587 0.01111 -0.00851 0.99988
36610.284295 -0.14538 -0.06547 15.52104 -0.00588 0.01130 -0.00887 0.99988
36610.294357 -0.13772 -0.05358 15.61389 -0.00590 0.01152 -0.00735 0.99989
36610.304424 -0.14162 -0.06641 15.65999 -0.00580 0.01154 -0.00899 0.99988
36610.314491 -0.14171 -0.06496 15.73673 -0.00617 0.01181 -0.00657 0.99989
36610.324561 -0.13919 -0.05453 15.74793 -0.00604 0.01187 -0.00706 0.99989
36610.334151 -0.13651 -0.06524 15.78744 -0.00590 0.01196 -0.00761 0.99988
36610.344218 -0.14297 -0.06883 15.87655 -0.00592 0.01236 -0.00715 0.99988
36610.354286 -0.13681 -0.06987 15.95386 -0.00550 0.01263 -0.00845 0.99987
36610.364358 -0.14061 -0.06772 16.00978 -0.00565 0.01305 -0.00777 0.99987
36610.374454 -0.12919 -0.07682 16.10189 -0.00588 0.01318 -0.00747 0.99987
36610.384519 -0.13573 -0.04487 16.12584 -0.00549 0.01312 -0.00779 0.99987
36610.394614 -0.13388 -0.05910 16.17623 -0.00564 0.01360 -0.00693 0.99987
36610.404196 -0.13447 -0.06721 16.21875 -0.00578 0.01382 -0.00749 0.99986
36610.414267 -0.12799 -0.06699 16.30170 -0.00518 0.01359 -0.00701 0.99987
36610.424336 -0.12275 -0.06334 16.37888 -0.00585 0.01408 -0.00655 0.99986
36610.434401 -0.12031 -0.07349 16.41489 -0.00537 0.01406 -0.00677 0.99986
36610.444472 -0.12274 -0.05826 16.50406 -0.00532 0.01423 -0.00638 0.99986
36610.454538 -0.11738 -0.06871 16.54281 -0.00549 0.01451 -0.00747 0.99985
36610.464652 -0.11947 -0.07908 16.59410 -0.00584 0.01443 -0.00751 0.99985
36610.474219 -0.11107 -0.07748 16.63950 -0.00585 0.01490 -0.00672 0.99985
36610.484283 -0.10635 -0.07375 16.71355 -0.00528 0.01487 -0.00709 0.99985
36610.494351 -0.10436 -0.07487 16.75951 -0.00569 0.01519 -0.00677 0.99985
36610.504416 -0.10409 -0.07304 16.82284 -0.00519 0.01533 -0.00743 0.99984
36610.514479 -0.09912 -0.07287 16.90020 -0.00540 0.01540 -0.00677 0.99984
36610.524545 -0.10303 -0.07556 16.95099 -0.00602 0.01593 -0.00727 0.99983
36610.544223 -0.08991 -0.07959 17.06131 -0.00591 0.01599 -0.00544 0.99984
36610.554314 -0.08961 -0.07657 17.14872 -0.00575 0.01610 -0.00656 0.99983
36610.564377 -0.08164 -0.07091 17.19220 -0.00550 0.01637 -0.00687 0.99983
36610.574439 -0.08629 -0.07741 17.25244 -0.00576 0.01657 -0.00654 0.99982
36610.584502 -0.08984 -0.08005 17.26693 -0.00563 0.01693 -0.00710 0.99982
36610.594566 -0.08885 -0.08021 17.35958 -0.00566 0.01715 -0.00666 0.99981
36610.614234 -0.08245 -0.07426 17.47176 -0.00575 0.01719 -0.00662 0.99981
36610.624298 -0.07225 -0.07908 17.53776 -0.00581 0.01727 -0.00632 0.99981
36610.634370 -0.07901 -0.07593 17.57318 -0.00592 0.01772 -0.00813 0.99979
36610.644456 -0.07757 -0.07968 17.64920 -0.00603 0.01795 -0.00772 0.99979
36610.654525 -0.07138 -0.07782 17.71638 -0.00593 0.01771 -0.00756 0.99980
36610.664618 -0.07259 -0.07538 17.79351 -0.00615 0.01836 -0.00716 0.99979
36610.674202 -0.06735 -0.08261 17.80395 -0.00637 0.01831 -0.00668 0.99979
36610.684265 -0.05785 -0.08124 17.88947 -0.00638 0.01835 -0.00555 0.99980
36610.694328 -0.05449 -0.09175 17.95102 -0.00643 0.01835 -0.00621 0.99979
36610.704393 -0.05105 -0.07937 17.98351 -0.00625 0.01846 -0.00628 0.99979
36610.714468 -0.06429 -0.07867 18.06530 -0.00623 0.01902 -0.00572 0.99978
36610.724539 -0.05418 -0.08252 18.10428 -0.00643 0.01884 -0.00624 0.99978
36610.734620 -0.04970 -0.09585 18.11595 -0.00699 0.01912 -0.00559 0.99978
36610.754247 -0.03425 -0.09066 18.29705 -0.00647 0.01952 -0.00675 0.99977
36610.764314 -0.04831 -0.08558 18.33109 -0.00622 0.01949 -0.00668 0.99977
36610.774379 -0.03985 -0.08676 18.35783 -0.00627 0.01952 -0.00626 0.99977
36610.784445 -0.03549 -0.07921 18.43989 -0.00641 0.01987 -0.00651 0.99976
36610.794506 -0.03956 -0.08734 18.47548 -0.00667 0.02005 -0.00606 0.99976
36610.804570 -0.03563 -0.08157 18.53977 -0.00625 0.02013 -0.00610 0.99976
36610.814655 -0.02837 -0.08960 18.62922 -0.00620 0.02021 -0.00598 0.99976
36610.824218 -0.03016 -0.07990 18.64033 -0.00646 0.02024 -0.00572 0.99976
36610.834293 -0.03338 -0.09635 18.67922 -0.00627 0.02050 -0.00641 0.99975
36610.844350 -0.01833 -0.08864 18.77349 -0.00633 0.02047 -0.00659 0.99975
36610.854419 -0.02728 -0.09020 18.82665 -0.00614 0.02096 -0.00597 0.99974
36610.864523 -0.02013 -0.09759 18.89208 -0.00652 0.02098 -0.00605 0.99974
36610.874615 -0.01649 -0.09261 18.96454 -0.00636 0.02104 -0.00594 0.99974
36610.884183 -0.01665 -0.09391 18.94978 -0.00658 0.02101 -0.00557 0.99974
36610.894249 -0.00503 -0.09061 19.01734 -0.00656 0.02108 -0.00537 0.99974
36610.904325 -0.01321 -0.09794 19.09224 -0.00630 0.02118 -0.00519 0.99974
36610.914391 -0.00427 -0.09161 19.16266 -0.00642 0.02124 -0.00530 0.99974
36610.924466 -0.01447 -0.09252 19.19893 -0.00627 0.02148 -0.00464 0.99974
36610.934558 -0.01064 -0.09164 19.25401 -0.00633 0.02170 -0.00574 0.99973
36610.944637 -0.00009 -0.10069 19.32387 -0.00643 0.02177 -0.00541 0.99973
36610.954198 0.00545 -0.09080 19.37681 -0.00620 0.02217 -0.00560 0.99972
36610.964265 0.01006 -0.08675 19.44019 -0.00639 0.02193 -0.00508 0.99973
36610.974336 0.00882 -0.09743 19.50702 -0.00629 0.02234 -0.00521 0.99972
36610.984405 0.00711 -0.10587 19.50609 -0.00630 0.02211 -0.00448 0.99973
36610.994470 0.01607 -0.09918 19.59446 -0.00634 0.02214 -0.00500 0.99972
36611.004537 0.01477 -0.10275 19.64624 -0.00676 0.02254 -0.00467 0.99971
36611.014158 0.01717 -0.10913 19.68889 -0.00662 0.02260 -0.00542 0.99971
36611.024229 0.02417 -0.10548 19.75571 -0.00645 0.02275 -0.00501 0.99971
36611.034295 0.01600 -0.10861 19.80735 -0.00659 0.02279 -0.00482 0.99971
36611.044363 0.03015 -0.10373 19.85723 -0.00635 0.02300 -0.00501 0.99970
36611.054487 0.03364 -0.10711 19.93003 -0.00637 0.02301 -0.00513 0.99970
36611.064559 0.03306 -0.09868 19.99772 -0.00603 0.02340 -0.00583 0.99969
36611.084222 0.04309 -0.09851 20.09585 -0.00637 0.02337 -0.00520 0.99969
36611.094291 0.04019 -0.10840 20.13598 -0.00649 0.02321 -0.00398 0.99970
36611.104351 0.05326 -0.11176 20.18786 -0.00659 0.02342 -0.00501 0.99969
36611.114420 0.04812 -0.10580 20.22469 -0.00690 0.02351 -0.00477 0.99969
36611.124486 0.05212 -0.10930 20.30066 -0.00660 0.02356 -0.00449 0.99969
36611.134551 0.06579 -0.11635 20.37005 -0.00694 0.02375 -0.00450 0.99968
36611.154206 0.05904 -0.10886 20.48498 -0.00652 0.02406 -0.00545 0.99967
36611.164266 0.06403 -0.10918 20.54098 -0.00660 0.02443 -0.00498 0.99967
36611.174338 0.07232 -0.11864 20.57389 -0.00665 0.02399 -0.00478 0.99968
36611.184399 0.07837 -0.11909 20.63571 -0.00685 0.02410 -0.00477 0.99967
36611.194475 0.07143 -0.11635 20.67031 -0.00711 0.02443 -0.00551 0.99966
36611.204536 0.08178 -0.11329 20.74710 -0.00685 0.02426 -0.00459 0.99967
36611.224199 0.07642 -0.10858 20.83369 -0.00639 0.02484 -0.00541 0.99966
36611.234263 0.07476 -0.12159 20.86307 -0.00683 0.02482 -0.00539 0.99965
36611.244325 0.09292 -0.11361 20.96166 -0.00718 0.02484 -0.00538 0.99965
36611.254388 0.09538 -0.12205 21.02747 -0.00692 0.02475 -0.00488 0.99966
36611.264455 0.08890 -0.11569 21.08677 -0.00661 0.02510 -0.00527 0.99965
36611.274522 0.09486 -0.11412 21.14726 -0.00711 0.02517 -0.00403 0.99965
36611.284619 0.09650 -0.11695 21.14423 -0.00705 0.02523 -0.00565 0.99964
36611.294189 0.10629 -0.11903 21.22577 -0.00700 0.02532 -0.00402 0.99965
36611.304251 0.09618 -0.11602 21.25692 -0.00637 0.02539 -0.00487 0.99965
36611.314316 0.09960 -0.11433 21.32627 -0.00672 0.02547 -0.00500 0.99964
36611.324380 0.09892 -0.11565 21.42235 -0.00702 0.02543 -0.00453 0.99964
36611.334444 0.10420 -0.11871 21.45523 -0.00696 0.02595 -0.00460 0.99963
36611.344508 0.12387 -0.11857 21.48625 -0.00695 0.02561 -0.00366 0.99964
36611.354571 0.13153 -0.12678 21.55429 -0.00702 0.02557 -0.00438 0.99964
36611.364161 0.13846 -0.13081 21.62278 -0.00691 0.02580 -0.00372 0.99964
36611.374224 0.13662 -0.11823 21.66486 -0.00736 0.02582 -0.00368 0.99963
36611.384286 0.14159 -0.12182 21.71463 -0.00704 0.02583 -0.00350 0.99964
36611.394367 0.13105 -0.12639 21.76525 -0.00718 0.02612 -0.00396 0.99963
36611.404432 0.13876 -0.12372 21.84352 -0.00710 0.02598 -0.00366 0.99963
36611.414497 0.13601 -0.11764 21.85481 -0.00712 0.02660 -0.00358 0.99961
36611.424559 0.15483 -0.12985 21.93047 -0.00723 0.02596 -0.00465 0.99963
36611.444220 0.16225 -0.12647 22.01159 -0.00713 0.02642 -0.00326 0.99962
36611.454286 0.16396 -0.12294 22.08456 -0.00757 0.02636 -0.00355 0.99962
36611.464353 0.17509 -0.12443 22.13993 -0.00716 0.02626 -0.00377 0.99962
36611.474419 0.16687 -0.13715 22.17828 -0.00783 0.02675 -0.00439 0.99960
36611.484486 0.16236 -0.12333 22.24941 -0.00740 0.02672 -0.00333 0.99961
36611.504645 0.17080 -0.12483 22.34331 -0.00786 0.02690 -0.00337 0.99960
36611.514204 0.16551 -0.11806 22.43905 -0.00758 0.02709 -0.00311 0.99960
36611.524271 0.18550 -0.12874 22.46078 -0.00772 0.02695 -0.00429 0.99960
36611.534337 0.18394 -0.12840 22.50977 -0.00776 0.02723 -0.00382 0.99959
36611.544400 0.18894 -0.13344 22.56271 -0.00771 0.02709 -0.00421 0.99959
36611.554463 0.18345 -0.12972 22.61078 -0.00751 0.02742 -0.00303 0.99959
36611.564529 0.18320 -0.13871 22.66416 -0.00805 0.02733 -0.00390 0.99959
36611.584228 0.20306 -0.12773 22.78631 -0.00769 0.02737 -0.00306 0.99959
36611.594289 0.20076 -0.12328 22.81634 -0.00787 0.02737 -0.00301 0.99959
36611.604351 0.20834 -0.13249 22.86000 -0.00794 0.02751 -0.00321 0.99958
36611.614416 0.21883 -0.12660 22.90700 -0.00780 0.02725 -0.00248 0.99960
36611.624478 0.20145 -0.12911 22.97917 -0.00746 0.02755 -0.00308 0.99959
36611.634546 0.20794 -0.13862 22.98941 -0.00768 0.02804 -0.00318 0.99957
36611.644631 0.22133 -0.14011 23.07362 -0.00788 0.02750 -0.00262 0.99959
36611.654195 0.22652 -0.12705 23.15817 -0.00770 0.02789 -0.00303 0.99958
36611.664263 0.23956 -0.13877 23.19305 -0.00760 0.02758 -0.00333 0.99959
36611.674332 0.22867 -0.13985 23.23357 -0.00742 0.02799 -0.00310 0.99958
36611.684416 0.23155 -0.13286 23.26531 -0.00751 0.02779 -0.00327 0.99958
36611.694480 0.21953 -0.13640 23.34241 -0.00708 0.02829 -0.00317 0.99957
36611.704544 0.24571 -0.13261 23.41056 -0.00739 0.02811 -0.00209 0.99958
36611.724220 0.25264 -0.13948 23.50701 -0.00732 0.02848 -0.00324 0.99956
36611.734289 0.25347 -0.13380 23.56209 -0.00719 0.02810 -0.00398 0.99957
36611.744352 0.25060 -0.13568 23.59226 -0.00708 0.02833 -0.00352 0.99957
36611.754418 0.28013 -0.14466 23.62771 -0.00748 0.02812 -0.00283 0.99957
36611.764485 0.26650 -0.14544 23.66983 -0.00774 0.02833 -0.00298 0.99956
36611.774560 0.27993 -0.12635 23.76279 -0.00708 0.02818 -0.00288 0.99957
36611.784154 0.26912 -0.12918 23.79254 -0.00747 0.02854 -0.00195 0.99956
36611.794217 0.27935 -0.13957 23.86691 -0.00785 0.02858 -0.00298 0.99956
36611.804284 0.28631 -0.14207 23.90649 -0.00741 0.02855 -0.00151 0.99956
36611.814352 0.29359 -0.14510 23.96575 -0.00777 0.02849 -0.00124 0.99956
36611.824417 0.28567 -0.15776 23.98680 -0.00823 0.02862 -0.00169 0.99955
36611.834483 0.29768 -0.13915 24.05413 -0.00774 0.02882 -0.00126 0.99955
36611.844546 0.28677 -0.13128 24.11215 -0.00764 0.02882 -0.00263 0.99955
36611.864229 0.30312 -0.13504 24.25603 -0.00772 0.02878 -0.00180 0.99955
36611.874292 0.30266 -0.14129 24.27636 -0.00785 0.02884 -0.00199 0.99955
36611.884359 0.32296 -0.14228 24.31482 -0.00748 0.02917 -0.00153 0.99955
36611.894422 0.31369 -0.14364 24.36132 -0.00807 0.02896 -0.00179 0.99955
36611.904487 0.31619 -0.14424 24.42196 -0.00738 0.02957 -0.00238 0.99953
36611.914558 0.32362 -0.14627 24.48176 -0.00720 0.02925 -0.00202 0.99954
36611.924637 0.32843 -0.14237 24.54921 -0.00728 0.02911 -0.00205 0.99955
36611.934198 0.32237 -0.14576 24.56795 -0.00745 0.02956 -0.00201 0.99953
36611.944266 0.32146 -0.13644 24.64014 -0.00760 0.02969 -0.00258 0.99953
36611.954334 0.33348 -0.13870 24.67427 -0.00690 0.02937 -0.00219 0.99954
36611.964418 0.34036 -0.14174 24.73402 -0.00724 0.02969 -0.00183 0.99953
36611.974477 0.34883 -0.14502 24.82843 -0.00719 0.02958 -0.00238 0.99953
36611.984545 0.35130 -0.14763 24.84096 -0.00720 0.02938 -0.00243 0.99954
36612.004211 0.35958 -0.15071 24.94362 -0.00701 0.02972 -0.00221 0.99953
36612.014279 0.35607 -0.14390 24.99982 -0.00693 0.02973 -0.00183 0.99953
36612.024347 0.35649 -0.14790 25.06009 -0.00699 0.02983 -0.00257 0.99953
36612.034414 0.36625 -0.14532 25.11300 -0.00681 0.02961 -0.00196 0.99954
36612.044485 0.36822 -0.14792 25.15701 -0.00677 0.02965 -0.00168 0.99954
36612.054568 0.37654 -0.15538 25.20737 -0.00696 0.02958 -0.00186 0.99954
36612.064180 0.37215 -0.15201 25.24554 -0.00713 0.02980 -0.00287 0.99953
36612.074248 0.36945 -0.14354 25.33370 -0.00692 0.02975 -0.00212 0.99953
36612.084313 0.37430 -0.14407 25.34602 -0.00673 0.03019 -0.00272 0.99952
36612.104446 0.37994 -0.14316 25.45572 -0.00714 0.03000 -0.00250 0.99952
36612.114515 0.38260 -0.16429 25.48634 -0.00765 0.03032 -0.00288 0.99951
36612.124582 0.39373 -0.15323 25.56287 -0.00729 0.02972 -0.00233 0.99953
36612.134175 0.40388 -0.15111 25.60948 -0.00733 0.03021 -0.00239 0.99951
36612.154319 0.41082 -0.14384 25.72253 -0.00713 0.03023 -0.00188 0.99952
36612.164383 0.41779 -0.14653 25.78740 -0.00735 0.03025 -0.00246 0.99951
36612.174451 0.41112 -0.14869 25.85203 -0.00754 0.03061 -0.00284 0.99950
36612.184517 0.40753 -0.14369 25.86285 -0.00744 0.03039 -0.00260 0.99951
36612.194581 0.41842 -0.15156 25.93447 -0.00743 0.03031 -0.00151 0.99951
36612.214263 0.42396 -0.15262 26.04071 -0.00720 0.03051 -0.00121 0.99951
36612.224335 0.43451 -0.14952 26.08601 -0.00685 0.03034 -0.00175 0.99951
36612.234414 0.44132 -0.15349 26.13613 -0.00712 0.03043 -0.00091 0.99951
36612.244477 0.45146 -0.15621 26.18318 -0.00745 0.03085 -0.00145 0.99950
36612.254538 0.43377 -0.15018 26.25296 -0.00690 0.03077 -0.00168 0.99950
36612.264619 0.44470 -0.14466 26.31676 -0.00649 0.03076 -0.00063 0.99951
36612.274178 0.45087 -0.14956 26.34987 -0.00669 0.03082 -0.00056 0.99950
36612.284242 0.45126 -0.14348 26.39004 -0.00658 0.03072 -0.00106 0.99951
36612.294308 0.46795 -0.15548 26.42571 -0.00673 0.03064 -0.00090 0.99951
36612.304374 0.46128 -0.15156 26.51064 -0.00688 0.03065 -0.00165 0.99951
36612.314439 0.46354 -0.14891 26.51889 -0.00612 0.03063 -0.00083 0.99951
36612.324508 0.45852 -0.15219 26.58325 -0.00675 0.03065 -0.00088 0.99951
36612.334576 0.47672 -0.16231 26.63969 -0.00675 0.03087 -0.00112 0.99950
36612.344180 0.48136 -0.15559 26.67491 -0.00638 0.03070 -0.00129 0.99951
36612.354243 0.47301 -0.16658 26.74803 -0.00700 0.03081 -0.00082 0.99950
36612.364310 0.49221 -0.15600 26.80682 -0.00677 0.03110 -0.00176 0.99949
36612.374376 0.48451 -0.15070 26.84318 -0.00657 0.03094 -0.00242 0.99950
36612.384449 0.48121 -0.15089 26.88482 -0.00654 0.03123 -0.00123 0.99949
36612.394519 0.48740 -0.15576 26.90847 -0.00678 0.03126 -0.00239 0.99949
36612.404621 0.48916 -0.14127 27.00662 -0.00645 0.03120 -0.00151 0.99949
36612.424252 0.50979 -0.15875 27.10229 -0.00625 0.03128 -0.00166 0.99949
36612.434336 0.51311 -0.15735 27.12704 -0.00670 0.03109 -0.00164 0.99949
36612.444399 0.50816 -0.16083 27.19736 -0.00653 0.03104 -0.00188 0.99950
36612.454461 0.51536 -0.15431 27.24253 -0.00661 0.03158 -0.00207 0.99948
36612.464526 0.52450 -0.15420 27.33004 -0.00679 0.03126 -0.00233 0.99949
36612.474629 0.54896 -0.17077 27.38094 -0.00683 0.03094 -0.00177 0.99950
36612.484694 0.54931 -0.15981 27.40188 -0.00664 0.03117 -0.00186 0.99949
36612.494255 0.54013 -0.16052 27.41972 -0.00645 0.03132 -0.00230 0.99949
36612.504323 0.54984 -0.16047 27.48377 -0.00665 0.03120 -0.00242 0.99949
36612.514389 0.55355 -0.16377 27.55095 -0.00658 0.03127 -0.00311 0.99948
36612.524458 0.57322 -0.16282 27.60137 -0.00668 0.03079 -0.00248 0.99950
36612.534554 0.58479 -0.16769 27.66076 -0.00640 0.03093 -0.00175 0.99950
36612.544645 0.57534 -0.17496 27.71736 -0.00688 0.03097 -0.00133 0.99950
36612.554207 0.57582 -0.17397 27.74335 -0.00702 0.03133 -0.00243 0.99948
36612.564276 0.57169 -0.18173 27.79634 -0.00679 0.03116 -0.00213 0.99949
36612.574341 0.58265 -0.16844 27.84403 -0.00668 0.03100 -0.00132 0.99950
36612.584417 0.59036 -0.15373 27.91937 -0.00633 0.03112 -0.00157 0.99949
36612.594485 0.59598 -0.15766 27.94327 -0.00653 0.03128 -0.00227 0.99949
36612.604549 0.61744 -0.16623 28.00944 -0.00668 0.03087 -0.00191 0.99950
36612.614168 0.63223 -0.14794 28.07940 -0.00633 0.03089 -0.00143 0.99950
36612.624232 0.64221 -0.14689 28.11394 -0.00657 0.03033 -0.00074 0.99952
36612.634297 0.64169 -0.16379 28.15248 -0.00655 0.03112 -0.00152 0.99949
36612.644368 0.62989 -0.17004 28.17351 -0.00683 0.03079 0.00056 0.99950
36612.654433 0.64464 -0.17041 28.23927 -0.00711 0.03091 0.00024 0.99950
36612.664499 0.63024 -0.17450 28.26820 -0.00716 0.03113 0.00027 0.99949
36612.674568 0.64007 -0.16205 28.37235 -0.00649 0.03094 -0.00022 0.99950
36612.684173 0.66937 -0.15731 28.39563 -0.00663 0.03069 0.00005 0.99951
36612.694239 0.67200 -0.15592 28.43902 -0.00701 0.03087 0.00040 0.99950
36612.704308 0.67243 -0.15335 28.50420 -0.00651 0.03071 0.00023 0.99951
36612.714394 0.70157 -0.15398 28.59173 -0.00635 0.03058 0.00020 0.99951
36612.724455 0.69230 -0.15046 28.61810 -0.00627 0.03050 0.00066 0.99952
36612.734517 0.69428 -0.15128 28.67728 -0.00653 0.03093 -0.00004 0.99950
36612.744580 0.71661 -0.14045 28.75214 -0.00584 0.03049 0.00024 0.99952
36612.754174 0.72943 -0.13325 28.83639 -0.00592 0.03040 -0.00001 0.99952
36612.764236 0.73432 -0.16195 28.81593 -0.00681 0.03009 0.00127 0.99952
36612.774301 0.73931 -0.16538 28.85908 -0.00713 0.03045 0.00082 0.99951
36612.784362 0.74556 -0.14896 28.92230 -0.00696 0.03048 0.00067 0.99951
36612.794433 0.73742 -0.15301 28.99435 -0.00645 0.03053 0.00035 0.99951
36612.804502 0.75956 -0.14997 29.03037 -0.00669 0.03038 0.00071 0.99952
36612.814579 0.77135 -0.13816 29.12736 -0.00656 0.03008 0.00019 0.99953
36612.824176 0.77490 -0.14504 29.12642 -0.00688 0.03039 -0.00053 0.99951
36612.834249 0.80022 -0.12683 29.18077 -0.00608 0.03004 -0.00094 0.99953
36612.844318 0.79331 -0.13452 29.26198 -0.00646 0.02989 -0.00071 0.99953
36612.854380 0.80555 -0.12746 29.32559 -0.00613 0.02979 -0.00117 0.99954
36612.864450 0.81094 -0.12158 29.38787 -0.00569 0.02973 -0.00290 0.99954
36612.874515 0.83760 -0.13684 29.39954 -0.00634 0.02966 -0.00183 0.99954
36612.884183 0.84219 -0.12942 29.44419 -0.00637 0.02947 -0.00125 0.99954
36612.894273 0.84562 -0.12526 29.47938 -0.00601 0.02951 -0.00141 0.99955
36612.904337 0.84504 -0.13760 29.53251 -0.00621 0.02938 -0.00181 0.99955
36612.914402 0.85350 -0.13071 29.62565 -0.00615 0.02912 -0.00181 0.99956
36612.924472 0.86136 -0.12249 29.70080 -0.00617 0.02917 -0.00112 0.99955
36612.934536 0.87184 -0.12531 29.70863 -0.00620 0.02918 -0.00297 0.99955
36612.944630 0.86549 -0.13146 29.73699 -0.00625 0.02931 -0.00213 0.99955
36612.954195 0.87530 -0.13368 29.78846 -0.00655 0.02936 -0.00242 0.99954
36612.964264 0.87151 -0.14378 29.82460 -0.00664 0.02935 -0.00233 0.99954
36612.974332 0.87930 -0.14314 29.89789 -0.00636 0.02893 -0.00202 0.99956
36612.984418 0.88889 -0.12330 29.97571 -0.00594 0.02921 -0.00177 0.99955
36612.994481 0.88263 -0.13006 30.02270 -0.00600 0.02901 -0.00251 0.99956
36613.004544 0.92316 -0.10384 30.11247 -0.00529 0.02893 -0.00272 0.99956
36613.014628 0.93857 -0.10503 30.16952 -0.00515 0.02826 -0.00269 0.99958
36613.024193 0.96046 -0.08868 30.21891 -0.00411 0.02785 -0.00253 0.99960
36613.034259 0.95129 -0.10162 30.24153 -0.00522 0.02784 -0.00277 0.99959
36613.044323 0.93874 -0.10338 30.27347 -0.00469 0.02782 -0.00165 0.99960
36613.054387 0.94625 -0.10460 30.36279 -0.00484 0.02799 -0.00233 0.99959
36613.064454 0.96316 -0.09872 30.41654 -0.00457 0.02774 -0.00240 0.99960
36613.074521 0.97231 -0.09962 30.46499 -0.00483 0.02780 -0.00198 0.99960
36613.084649 0.98639 -0.10287 30.50604 -0.00474 0.02733 -0.00289 0.99961
36613.094212 0.99887 -0.09336 30.56425 -0.00437 0.02712 -0.00264 0.99962
36613.104275 1.00548 -0.09389 30.62095 -0.00458 0.02698 -0.00112 0.99962
36613.114346 1.02681 -0.08636 30.69180 -0.00457 0.02667 -0.00268 0.99963
36613.124412 1.01585 -0.08004 30.73871 -0.00431 0.02676 -0.00273 0.99963
36613.134479 1.04434 -0.08838 30.77973 -0.00449 0.02628 -0.00289 0.99964
36613.144544 1.04483 -0.08630 30.83879 -0.00391 0.02633 -0.00175 0.99964
36613.154629 1.04935 -0.07675 30.86583 -0.00430 0.02591 -0.00110 0.99965
36613.164197 1.05284 -0.07836 30.92065 -0.00403 0.02583 -0.00121 0.99966
36613.174266 1.08506 -0.07299 31.01106 -0.00388 0.02582 -0.00218 0.99966
36613.184348 1.06654 -0.06860 31.03600 -0.00387 0.02598 -0.00092 0.99965
36613.194431 1.06646 -0.07664 31.08578 -0.00446 0.02593 -0.00062 0.99965
36613.204491 1.07873 -0.08131 31.11641 -0.00431 0.02618 -0.00200 0.99965
36613.214552 1.08071 -0.07534 31.21425 -0.00423 0.02589 -0.00147 0.99965
36613.224640 1.09171 -0.06503 31.27574 -0.00370 0.02566 -0.00174 0.99966
36613.244270 1.11182 -0.06975 31.34453 -0.00386 0.02525 -0.00125 0.99967
36613.254335 1.12827 -0.05845 31.39888 -0.00385 0.02528 -0.00234 0.99967
36613.264402 1.12700 -0.04655 31.46625 -0.00382 0.02507 -0.00220 0.99968
36613.274474 1.14698 -0.05058 31.54008 -0.00369 0.02468 -0.00100 0.99969
36613.284557 1.14801 -0.05934 31.55160 -0.00337 0.02462 -0.00180 0.99969
36613.294649 1.15363 -0.06327 31.60960 -0.00390 0.02445 -0.00211 0.99969
36613.314272 1.14677 -0.06036 31.72804 -0.00409 0.02464 -0.00220 0.99969
36613.324342 1.16247 -0.05090 31.78402 -0.00362 0.02414 -0.00281 0.99970
36613.334409 1.16743 -0.04197 31.81212 -0.00355 0.02385 -0.00135 0.99971
36613.344478 1.18319 -0.04844 31.86636 -0.00401 0.02367 -0.00176 0.99971
36613.354545 1.18008 -0.04566 31.90641 -0.00437 0.02394 -0.00285 0.99970
36613.364650 1.18774 -0.04741 31.98099 -0.00420 0.02379 -0.00211 0.99971
36613.374257 1.21767 -0.03848 32.04795 -0.00419 0.02331 -0.00248 0.99972
36613.384318 1.21919 -0.03701 32.10766 -0.00425 0.02243 -0.00209 0.99974
36613.394380 1.20153 -0.04725 32.14984 -0.00447 0.02286 -0.00198 0.99973
36613.404445 1.20155 -0.03764 32.19048 -0.00437 0.02295 -0.00368 0.99972
36613.414511 1.23450 -0.03579 32.23992 -0.00376 0.02239 -0.00319 0.99974
36613.424576 1.24423 -0.01686 32.34384 -0.00406 0.02241 -0.00340 0.99973
36613.434167 1.23427 -0.03401 32.34011 -0.00429 0.02245 -0.00352 0.99973
36613.444232 1.24191 -0.02686 32.37415 -0.00442 0.02195 -0.00321 0.99974
36613.454299 1.24668 -0.02063 32.47356 -0.00387 0.02193 -0.00313 0.99975
36613.464367 1.26484 -0.02449 32.52845 -0.00403 0.02173 -0.00226 0.99975
36613.474449 1.27515 -0.02498 32.58524 -0.00393 0.02144 -0.00338 0.99976
36613.484518 1.27010 -0.02936 32.58566 -0.00446 0.02121 -0.00378 0.99976
36613.494576 1.28019 -0.03445 32.65976 -0.00388 0.02117 -0.00350 0.99976
36613.504665 1.28702 -0.02447 32.72595 -0.00414 0.02067 -0.00468 0.99977
36613.514233 1.28780 -0.00879 32.76043 -0.00338 0.02079 -0.00274 0.99977
36613.524301 1.30982 -0.01643 32.84981 -0.00360 0.02023 -0.00433 0.99978
36613.534368 1.31805 -0.01836 32.88121 -0.00347 0.01968 -0.00318 0.99980
36613.554497 1.33349 -0.01438 32.99343 -0.00346 0.01918 -0.00262 0.99981
36613.564564 1.35605 -0.01348 33.02753 -0.00339 0.01833 -0.00384 0.99982
36613.574188 1.33374 -0.01071 33.06053 -0.00323 0.01849 -0.00282 0.99982
36613.584257 1.34921 -0.00739 33.11382 -0.00304 0.01870 -0.00404 0.99981
36613.594323 1.37257 0.00030 33.20450 -0.00349 0.01808 -0.00499 0.99982
36613.604390 1.36358 -0.01061 33.22541 -0.00338 0.01804 -0.00418 0.99982
36613.614457 1.35723 -0.00907 33.26601 -0.00324 0.01786 -0.00443 0.99983
36613.624524 1.37866 -0.02666 33.28564 -0.00369 0.01740 -0.00444 0.99983
36613.634604 1.35669 -0.01468 33.37279 -0.00343 0.01766 -0.00310 0.99983
36613.644191 1.36237 -0.00632 33.41757 -0.00343 0.01763 -0.00520 0.99983
36613.654257 1.38156 -0.00872 33.48720 -0.00343 0.01704 -0.00443 0.99984
36613.664347 1.40655 -0.01237 33.51699 -0.00341 0.01664 -0.00404 0.99985
36613.674408 1.39784 -0.00390 33.56434 -0.00331 0.01598 -0.00437 0.99986
36613.684478 1.41914 0.01167 33.63827 -0.00287 0.01579 -0.00509 0.99986
36613.694543 1.40555 -0.00176 33.64172 -0.00305 0.01590 -0.00401 0.99986
36613.704642 1.43135 0.00126 33.72819 -0.00321 0.01509 -0.00393 0.99987
36613.714208 1.43230 0.00507 33.76333 -0.00284 0.01483 -0.00458 0.99988
36613.724277 1.43203 0.00118 33.80635 -0.00323 0.01498 -0.00507 0.99987
36613.734351 1.43200 -0.00380 33.84121 -0.00342 0.01461 -0.00474 0.99988
36613.744418 1.45164 0.00357 33.88512 -0.00295 0.01413 -0.00398 0.99989
36613.754506 1.43891 -0.00337 33.94868 -0.00314 0.01367 -0.00368 0.99989
36613.764574 1.44273 -0.00169 33.99305 -0.00315 0.01367 -0.00478 0.99989
36613.774179 1.45037 -0.00489 34.02854 -0.00341 0.01328 -0.00413 0.99990
36613.784245 1.46663 0.00864 34.09311 -0.00253 0.01290 -0.00510 0.99990
36613.794309 1.48068 0.00477 34.14057 -0.00249 0.01244 -0.00524 0.99991
36613.804376 1.51533 0.00676 34.18399 -0.00269 0.01155 -0.00420 0.99992
36613.814444 1.50785 0.00245 34.23457 -0.00270 0.01115 -0.00455 0.99992
36613.824510 1.50937 0.00196 34.25288 -0.00239 0.01075 -0.00588 0.99992
36613.834574 1.50159 0.00719 34.31859 -0.00267 0.01083 -0.00454 0.99993
36613.864320 1.51751 -0.00652 34.44326 -0.00270 0.00976 -0.00484 0.99994
36613.874389 1.52105 0.00611 34.54410 -0.00290 0.00926 -0.00407 0.99994
36613.884455 1.52074 0.00385 34.52625 -0.00261 0.00878 -0.00426 0.99995
36613.894522 1.52712 0.00622 34.60479 -0.00235 0.00835 -0.00444 0.99995
36613.904634 1.52861 0.00147 34.63984 -0.00260 0.00793 -0.00483 0.99995
36613.924274 1.53212 -0.00037 34.72178 -0.00291 0.00736 -0.00492 0.99996
36613.934362 1.53353 0.00884 34.79100 -0.00237 0.00695 -0.00366 0.99997
36613.944428 1.52988 0.00942 34.81960 -0.00258 0.00661 -0.00434 0.99997
36613.954495 1.54710 0.01848 34.91938 -0.00271 0.00631 -0.00504 0.99996
36613.964567 1.53205 0.01031 34.95124 -0.00270 0.00596 -0.00384 0.99997
36613.974666 1.53103 0.01162 34.98324 -0.00291 0.00540 -0.00372 0.99997
36613.984231 1.53511 0.01053 35.01016 -0.00239 0.00473 -0.00346 0.99998
36613.994297 1.53468 0.00280 35.05093 -0.00292 0.00486 -0.00419 0.99998
36614.004367 1.56055 0.00078 35.09236 -0.00315 0.00417 -0.00400 0.99998
36614.014435 1.58348 -0.00345 35.11901 -0.00275 0.00348 -0.00460 0.99998
36614.024500 1.59803 -0.00498 35.16746 -0.00356 0.00221 -0.00177 0.99999
36614.034633 1.57114 -0.00787 35.21706 -0.00338 0.00220 -0.00239 0.99999
36614.064329 1.56806 -0.01504 35.33001 -0.00365 0.00122 -0.00388 0.99999
36614.074403 1.60765 -0.01434 35.40251 -0.00430 0.00090 -0.00228 0.99999
36614.084473 1.57685 -0.01459 35.42934 -0.00429 -0.00011 -0.00254 0.99999
36614.094545 1.60154 -0.01013 35.47940 -0.00442 -0.00050 -0.00237 0.99999
36614.104641 1.63308 -0.01389 35.52755 -0.00414 -0.00132 -0.00154 0.99999
36614.124498 1.63027 -0.02534 35.60494 -0.00445 -0.00246 -0.00155 0.99999
36614.134565 1.63329 -0.01396 35.67593 -0.00468 -0.00259 -0.00200 0.99998
36614.144670 1.62737 -0.00444 35.72202 -0.00432 -0.00282 -0.00151 0.99999
36614.154741 1.61846 -0.00766 35.76464 -0.00396 -0.00323 -0.00137 0.99999
36614.164334 1.64179 -0.01634 35.81531 -0.00476 -0.00384 -0.00205 0.99998
36614.174411 1.67861 -0.02065 35.83370 -0.00456 -0.00472 -0.00202 0.99998
36614.184480 1.65959 -0.03403 35.85187 -0.00495 -0.00508 -0.00232 0.99997
36614.194547 1.66792 -0.03518 35.90502 -0.00460 -0.00544 -0.00171 0.99997
36614.204650 1.66385 -0.02646 35.97615 -0.00436 -0.00598 -0.00124 0.99997
36614.214718 1.66580 -0.02513 36.01615 -0.00451 -0.00668 0.00031 0.99997
36614.234353 1.68424 -0.03897 36.05816 -0.00482 -0.00772 -0.00073 0.99996
36614.244420 1.68718 -0.02759 36.14092 -0.00470 -0.00797 -0.00108 0.99996
36614.254490 1.66809 -0.03522 36.17898 -0.00489 -0.00827 -0.00189 0.99995
36614.264580 1.67450 -0.02599 36.25242 -0.00455 -0.00869 -0.00127 0.99995
36614.274683 1.67031 -0.02177 36.29014 -0.00470 -0.00926 -0.00179 0.99994
36614.294318 1.68151 -0.02770 36.38830 -0.00531 -0.01044 -0.00148 0.99993
36614.304386 1.68598 -0.02352 36.43701 -0.00494 -0.01093 -0.00056 0.99993
36614.314458 1.69139 -0.03091 36.48062 -0.00508 -0.01213 -0.00024 0.99991
36614.324528 1.69128 -0.02593 36.49627 -0.00510 -0.01246 -0.00243 0.99991
36614.334629 1.68734 -0.02098 36.55096 -0.00494 -0.01298 -0.00025 0.99990
36614.354304 1.69392 -0.02355 36.66498 -0.00483 -0.01428 -0.00251 0.99988
36614.364370 1.68725 0.00348 36.71521 -0.00415 -0.01496 0.00062 0.99988
36614.374442 1.69245 0.00186 36.77765 -0.00420 -0.01544 -0.00193 0.99987
36614.384510 1.69614 -0.01032 36.79171 -0.00459 -0.01604 -0.00031 0.99986
36614.394580 1.70289 -0.00093 36.83660 -0.00451 -0.01666 -0.00174 0.99985
36614.414278 1.71003 -0.00727 36.90705 -0.00445 -0.01797 -0.00155 0.99983
36614.424365 1.67837 -0.01363 36.93136 -0.00432 -0.01841 -0.00004 0.99982
36614.434435 1.67911 0.00252 36.97981 -0.00442 -0.01926 -0.00189 0.99980
36614.454256 1.68147 -0.00823 37.13541 -0.00435 -0.02026 -0.00144 0.99978
36614.464325 1.68570 0.00025 37.15628 -0.00433 -0.02074 -0.00061 0.99978
36614.474403 1.67357 -0.00566 37.20989 -0.00449 -0.02142 -0.00120 0.99976
36614.484494 1.67829 0.00481 37.28296 -0.00427 -0.02176 -0.00270 0.99975
36614.494557 1.68679 0.01029 37.29049 -0.00390 -0.02228 -0.00122 0.99974
36614.514262 1.69560 0.00579 37.33751 -0.00431 -0.02364 -0.00095 0.99971
36614.524360 1.67905 -0.00831 37.37677 -0.00453 -0.02484 -0.00097 0.99968
36614.534428 1.69200 -0.00159 37.45310 -0.00395 -0.02526 -0.00082 0.99967
36614.544497 1.67407 0.01217 37.50042 -0.00363 -0.02533 -0.00089 0.99967
36614.554562 1.69181 0.00812 37.54860 -0.00400 -0.02641 -0.00090 0.99964
36614.564706 1.68884 0.00573 37.61717 -0.00372 -0.02723 -0.00225 0.99962
36614.574275 1.69414 0.00047 37.64421 -0.00410 -0.02778 -0.00166 0.99960
36614.584344 1.70137 0.00429 37.69129 -0.00371 -0.02878 0.00015 0.99958
36614.594411 1.68114 0.00552 37.71486 -0.00372 -0.02930 -0.00052 0.99956
36614.604480 1.68683 0.01130 37.74941 -0.00291 -0.02976 -0.00052 0.99955
36614.614550 1.68117 0.01550 37.81934 -0.00320 -0.03084 0.00034 0.99952
36614.624643 1.67232 0.00352 37.83607 -0.00282 -0.03161 -0.00108 0.99950
36614.634707 1.66939 -0.00703 37.88328 -0.00339 -0.03201 -0.00046 0.99948
36614.654354 1.68131 0.00227 37.97021 -0.00264 -0.03307 -0.00108 0.99945
36614.664423 1.65120 -0.00148 37.99483 -0.00265 -0.03342 -0.00099 0.99944
36614.674485 1.66231 -0.00335 38.04039 -0.00260 -0.03431 -0.00131 0.99941
36614.684547 1.63809 -0.00038 38.09526 -0.00278 -0.03503 -0.00032 0.99938
36614.694649 1.63038 -0.00889 38.12237 -0.00312 -0.03538 -0.00177 0.99937
36614.704718 1.63401 0.00746 38.18409 -0.00260 -0.03571 -0.00175 0.99936
36614.714786 1.62636 0.01377 38.23740 -0.00184 -0.03664 -0.00182 0.99933
36614.724350 1.62980 0.00629 38.28316 -0.00222 -0.03748 -0.00127 0.99929
36614.734423 1.62960 0.00531 38.29933 -0.00223 -0.03855 -0.00045 0.99925
36614.744505 1.63212 0.00117 38.35427 -0.00233 -0.03923 -0.00144 0.99923
36614.754568 1.63604 0.00563 38.37008 -0.00167 -0.03920 0.00009 0.99923
36614.764690 1.62663 0.00152 38.40364 -0.00175 -0.04032 -0.00069 0.99919
36614.774756 1.63359 0.00198 38.46985 -0.00138 -0.04106 -0.00031 0.99916
36614.794382 1.62120 -0.01059 38.52775 -0.00119 -0.04250 -0.00109 0.99910
36614.804449 1.61113 0.00817 38.62156 -0.00094 -0.04253 -0.00103 0.99909
36614.814536 1.60558 0.00966 38.66904 -0.00079 -0.04366 -0.00009 0.99905
36614.824663 1.61853 0.00298 38.68230 -0.00110 -0.04436 -0.00071 0.99901
36614.834743 1.60033 -0.00985 38.71040 -0.00097 -0.04502 -0.00061 0.99899
36614.854386 1.58512 -0.00129 38.79507 0.00008 -0.04582 -0.00059 0.99895
36614.864454 1.59634 -0.00388 38.80801 -0.00002 -0.04689 0.00007 0.99890
36614.874522 1.57149 -0.00628 38.84958 -0.00004 -0.04729 0.00034 0.99888
36614.884600 1.57015 0.00236 38.93931 -0.00049 -0.04804 0.00054 0.99885
36614.894712 1.57839 -0.00453 38.96490 -0.00023 -0.04932 -0.00012 0.99878
36614.904781 1.58196 0.00682 39.02945 -0.00030 -0.05006 0.00131 0.99875
36614.924426 1.55892 0.00033 39.08467 -0.00037 -0.05109 0.00144 0.99869
36614.934498 1.54009 0.00549 39.13665 0.00020 -0.05154 0.00012 0.99867
36614.944568 1.54989 0.00422 39.18843 -0.00011 -0.05248 0.00101 0.99862
36614.954678 1.56078 0.00679 39.26024 0.00009 -0.05333 0.00183 0.99858
36614.964746 1.54908 0.01249 39.31223 0.00074 -0.05384 0.00039 0.99855
36614.974812 1.53165 0.01527 39.35260 0.00044 -0.05431 0.00167 0.99852
36614.994441 1.52767 -0.00193 39.37899 0.00066 -0.05611 0.00082 0.99842
