36470.7 289.511 -24.8899 259.581 0.0585366 0.496816 -0.00518622 0.865863
36470.9 290.134 -24.962 259.959 0.058282 0.498654 -0.0056876 0.864821
36471.1 290.823 -25.0355 260.363 0.057921 0.500585 -0.00601845 0.863727
36471.3 291.578 -25.1195 260.791 0.0578023 0.50268 -0.00667115 0.862514
36471.5 292.402 -25.2097 261.263 0.0578582 0.504966 -0.00734526 0.861167
36471.7 293.29 -25.2999 261.763 0.0580957 0.507404 -0.00839077 0.859705
36471.9 294.263 -25.4204 262.293 0.0584774 0.50992 -0.0092375 0.858184
36472.1 295.308 -25.5415 262.852 0.0581842 0.512127 -0.0094592 0.856886
36472.3 296.431 -25.6723 263.443 0.0576503 0.513769 -0.00895836 0.855942
36472.5 297.618 -25.8157 264.035 0.0570921 0.514294 -0.00767555 0.855675
36472.7 298.844 -25.9648 264.675 0.056176 0.513511 -0.0069283 0.856213
36473 300.076 -26.1081 265.321 0.0550362 0.511551 -0.00655767 0.857462
36473.2 301.309 -26.2551 265.979 0.054142 0.50832 -0.0063666 0.859444
36473.4 302.548 -26.384 266.662 0.0535108 0.503335 -0.00624432 0.862413
36473.6 303.806 -26.5292 267.385 0.0524862 0.495193 -0.00600422 0.867174
36473.8 305.102 -26.6583 268.199 0.0504803 0.483098 -0.00533136 0.874095
36474 306.382 -26.8091 269.065 0.0480722 0.467404 -0.00563993 0.882718
36474.2 307.671 -26.9248 269.992 0.048463 0.448535 -0.00568148 0.892432
36474.4 308.935 -27.0723 271.025 0.0480607 0.426993 -0.0045435 0.902966
36474.6 310.179 -27.2223 272.134 0.0471824 0.402807 -0.00426808 0.914058
36474.8 311.389 -27.3567 273.332 0.0453397 0.376698 -0.0029432 0.925221
36475 312.553 -27.5028 274.623 0.04416 0.350311 -0.00319223 0.935587
36475.2 313.632 -27.6547 276.001 0.0428978 0.323861 -0.00508065 0.945118
36475.4 314.642 -27.8137 277.455 0.0415095 0.295733 -0.00722549 0.954341
36475.6 315.559 -27.9558 278.957 0.0418973 0.266946 -0.0104808 0.962743
36475.8 316.402 -28.0932 280.547 0.0402546 0.238129 -0.012083 0.970324
36476 317.186 -28.2535 282.163 0.0403425 0.209895 -0.0129172 0.976806
36476.2 317.869 -28.3938 283.853 0.0409425 0.184048 -0.0139487 0.981965
36476.4 318.509 -28.5581 285.58 0.0388226 0.1619 -0.0113685 0.985978
36476.6 319.073 -28.7186 287.321 0.0421131 0.143838 -0.0102702 0.988651
36476.8 319.578 -28.8702 289.11 0.0436854 0.129662 -0.0108272 0.990536
36477 320.032 -29.0477 290.919 0.0453544 0.119447 -0.0141112 0.991704
36477.2 320.471 -29.2076 292.753 0.0449778 0.112554 -0.0148076 0.992517
36477.4 320.894 -29.3925 294.588 0.0446591 0.107512 -0.0140272 0.993101
36477.6 321.281 -29.55 296.423 0.0456357 0.104213 -0.0150181 0.993394
36477.8 321.671 -29.7258 298.276 0.0447932 0.102393 -0.0156697 0.993611
36478 322.062 -29.9101 300.12 0.0424712 0.101684 -0.0160434 0.99378
36478.2 322.454 -30.0709 301.956 0.0407058 0.101332 -0.0153413 0.993901
36478.4 322.836 -30.2288 303.771 0.0397799 0.101599 -0.0142058 0.993928
36478.6 323.207 -30.3912 305.582 0.0424618 0.101816 -0.0149235 0.993785
36478.8 323.583 -30.5565 307.39 0.0452434 0.102541 -0.0163129 0.993565
36479 323.963 -30.7291 309.199 0.0460509 0.103348 -0.0168894 0.993435
36479.2 324.337 -30.9101 310.974 0.0467375 0.104228 -0.0179754 0.993292
36479.4 324.71 -31.077 312.743 0.0472289 0.105433 -0.0196506 0.99311
36479.6 325.093 -31.257 314.492 0.0489514 0.106725 -0.021564 0.992849
36479.8 325.478 -31.4479 316.225 0.0504168 0.108294 -0.022556 0.992583
36480 325.865 -31.6315 317.919 0.0513532 0.1101 -0.0228451 0.99233
36480.2 326.237 -31.8188 319.569 0.0528514 0.112311 -0.0229685 0.992001
36480.4 326.626 -32.0158 321.22 0.0538596 0.114934 -0.0232094 0.99164
36480.6 327.001 -32.2139 322.832 0.0547296 0.1182 -0.0242103 0.991185
36480.8 327.388 -32.4101 324.42 0.0545424 0.122375 -0.0254261 0.990658
36481 327.784 -32.5969 325.958 0.0550331 0.127602 -0.0266079 0.98994
36481.2 328.195 -32.7893 327.484 0.0545866 0.134315 -0.027216 0.98906
36481.4 328.622 -32.9639 328.968 0.0559567 0.142079 -0.0280576 0.987874
36481.6 329.067 -33.1539 330.411 0.0584342 0.151239 -0.0274489 0.986387
36481.8 329.557 -33.3476 331.812 0.0603145 0.161977 -0.0249785 0.984633
36482 330.082 -33.5531 333.226 0.0611638 0.175305 -0.0224861 0.982355
36482.2 330.65 -33.7476 334.63 0.0622434 0.190644 -0.020308 0.979473
36482.4 331.268 -33.9434 335.971 0.0621305 0.209288 -0.0181679 0.975709
36482.6 331.919 -34.145 337.287 0.0615387 0.231214 -0.0168401 0.970809
36482.8 332.642 -34.3419 338.548 0.0611228 0.256358 -0.0154487 0.964524
36483 333.437 -34.5203 339.756 0.061405 0.284653 -0.0132468 0.95657
36483.2 334.27 -34.6842 340.866 0.0619939 0.314032 -0.0114589 0.947317
36483.4 335.168 -34.8679 341.909 0.0617161 0.34322 -0.00978485 0.937174
36483.6 336.13 -35.0287 342.884 0.0624228 0.371766 -0.0080263 0.926191
36483.8 337.103 -35.1988 343.777 0.0631619 0.398659 -0.00688525 0.914896
36484 338.138 -35.3516 344.619 0.0647098 0.424496 -0.00619767 0.903093
36484.2 339.208 -35.5271 345.403 0.0670687 0.44959 -0.0070542 0.890685
36484.4 340.314 -35.7044 346.128 0.0689482 0.474758 -0.00811776 0.877373
36484.7 341.498 -35.8795 346.787 0.0694322 0.499667 -0.00736181 0.863399
36484.9 342.707 -36.0485 347.394 0.0690417 0.523287 -0.00658802 0.84933
36485.1 343.961 -36.2168 347.933 0.0685802 0.54563 -0.00539167 0.835199
36485.3 345.25 -36.3795 348.389 0.0686375 0.569029 -0.00408042 0.819438
36485.5 346.527 -36.538 348.761 0.0704231 0.593763 -0.00398264 0.801545
36485.7 347.824 -36.6666 349.048 0.0732534 0.619331 -0.00339297 0.781695
36485.9 349.139 -36.8398 349.245 0.0741371 0.644592 -0.00264018 0.760919
36486.1 350.471 -36.9867 349.37 0.0753213 0.669839 -0.00165929 0.738672
36486.3 351.804 -37.133 349.378 0.0768145 0.693834 -0.000458361 0.716028
36486.5 353.124 -37.2683 349.297 0.0788005 0.717101 0.00111057 0.6925
36486.7 354.443 -37.4068 349.154 0.0796873 0.738419 0.00319979 0.669599
36486.9 355.74 -37.5395 348.901 0.0817055 0.758552 0.00532379 0.646455
36487.1 357.052 -37.6351 348.608 0.0826059 0.778179 0.00557566 0.62256
36487.3 358.359 -37.7557 348.21 0.080384 0.798123 0.00740735 0.597054
36487.5 359.641 -37.8524 347.714 0.0786695 0.818633 0.00791492 0.56885
36487.7 360.914 -37.9379 347.144 0.0753142 0.838889 0.00795349 0.53901
36487.9 362.156 -38.003 346.452 0.0723056 0.857435 0.00829261 0.50942
36488.1 363.382 -38.0779 345.686 0.0663925 0.874328 0.00865334 0.48069
36488.3 364.559 -38.1395 344.817 0.0645771 0.889147 0.0122709 0.45288
36488.5 365.7 -38.1816 343.885 0.0602405 0.90246 0.0142673 0.42631
36488.7 366.769 -38.2069 342.887 0.0593709 0.913744 0.0177245 0.40155
36488.9 367.799 -38.2186 341.839 0.058832 0.924054 0.0190711 0.37723
36489.1 368.769 -38.226 340.736 0.0591187 0.932694 0.0218751 0.35511
36489.3 369.688 -38.224 339.59 0.0590711 0.940143 0.0242633 0.33475
36489.5 370.582 -38.2127 338.41 0.0575982 0.946357 0.0263127 0.31687
36489.7 371.419 -38.179 337.198 0.0587406 0.951699 0.0264265 0.30021
36489.9 372.216 -38.1508 335.972 0.0595314 0.956022 0.0273843 0.28589
36490.1 372.979 -38.122 334.733 0.0600751 0.959412 0.0295352 0.27394
36490.3 373.717 -38.0836 333.47 0.0603135 0.96196 0.0312195 0.26461
36490.5 374.429 -38.0451 332.216 0.0593773 0.964346 0.0313817 0.25597
36490.7 375.121 -37.9955 330.95 0.0602492 0.966152 0.030423 0.24899
36490.9 375.79 -37.9701 329.685 0.0603271 0.967153 0.0321909 0.24483
36491.1 376.457 -37.9219 328.436 0.0598596 0.967517 0.0326734 0.24343
36491.3 377.109 -37.8801 327.203 0.0594172 0.967816 0.0310957 0.24256
36491.5 377.75 -37.839 325.981 0.0594978 0.968092 0.0300547 0.24159
36491.7 378.377 -37.8063 324.797 0.0591133 0.968411 0.0296267 0.24044
36491.9 378.978 -37.7756 323.644 0.0586832 0.968832 0.0294488 0.23884
36492.1 379.553 -37.7412 322.529 0.0590673 0.969161 0.0287158 0.23753
36492.3 380.121 -37.7214 321.425 0.0587329 0.969449 0.0284275 0.23644
36492.5 380.656 -37.6913 320.369 0.059012 0.969623 0.0291054 0.23561
36492.7 381.174 -37.6656 319.352 0.0590577 0.969812 0.0292048 0.23478
36492.9 381.678 -37.6343 318.366 0.0586962 0.97004 0.0280667 0.23408
36493.1 382.161 -37.6132 317.409 0.0588127 0.970215 0.0268056 0.23347
36493.3 382.643 -37.5966 316.453 0.0595676 0.970295 0.0271906 0.2329
36493.5 383.108 -37.5678 315.534 0.0589914 0.970453 0.0287141 0.23222
36493.7 383.569 -37.5495 314.625 0.0579788 0.970611 0.0292705 0.23174
36493.9 384.008 -37.5138 313.742 0.0586395 0.970733 0.028836 0.23108
36494.1 384.447 -37.495 312.859 0.0580221 0.970959 0.0283596 0.23036
36494.3 384.882 -37.4719 311.984 0.0575608 0.97106 0.0277624 0.23011
36494.5 385.312 -37.448 311.119 0.0578989 0.971169 0.02701 0.22969
36494.7 385.735 -37.4297 310.262 0.0583562 0.971256 0.0261969 0.22927
36494.9 386.156 -37.4096 309.404 0.0589775 0.971329 0.0260627 0.22883
36495.1 386.571 -37.3928 308.563 0.0589776 0.971448 0.0256025 0.22839
36495.3 386.991 -37.368 307.711 0.060149 0.971497 0.0255448 0.22786
36495.5 387.407 -37.3533 306.865 0.0592559 0.971699 0.0242903 0.22736
36495.7 387.81 -37.3468 306.036 0.0599827 0.971649 0.0239556 0.22746
36495.9 388.221 -37.3289 305.206 0.0608415 0.971715 0.0234499 0.22699
36496.1 388.628 -37.3263 304.382 0.0610009 0.971761 0.0231588 0.22675
36496.4 389.038 -37.3125 303.543 0.0616288 0.971773 0.0227547 0.2266
36496.6 389.445 -37.2996 302.712 0.0614965 0.971806 0.0222755 0.22652
36496.8 389.844 -37.2892 301.899 0.0609915 0.971868 0.0212786 0.22651
36497 390.244 -37.2714 301.077 0.061208 0.97192 0.0204971 0.2263
36497.2 390.663 -37.258 300.227 0.0605001 0.971977 0.0190816 0.22634
36497.4 391.092 -37.2389 299.352 0.059797 0.972111 0.0165459 0.22616
36497.6 391.542 -37.2334 298.41 0.0598766 0.972128 0.0164153 0.22606
36497.8 392.035 -37.2298 297.402 0.0601101 0.972143 0.0168838 0.2259
36498 392.542 -37.2234 296.362 0.0596068 0.972225 0.0160669 0.22577
36498.2 393.076 -37.2101 295.275 0.0602033 0.972158 0.0157632 0.2259
36498.4 393.636 -37.2025 294.136 0.0603493 0.972044 0.0155924 0.22638
36498.6 394.201 -37.198 292.974 0.060103 0.971979 0.0149041 0.22675
36498.8 394.765 -37.1911 291.798 0.0598192 0.971986 0.0142959 0.22685
36499 395.342 -37.1927 290.609 0.059813 0.971905 0.0136761 0.22725
36499.2 395.92 -37.1881 289.416 0.0601684 0.971785 0.0134339 0.22766
36499.4 396.514 -37.1843 288.202 0.0600264 0.971729 0.013355 0.22794
36499.6 397.11 -37.1918 287.007 0.060105 0.971674 0.0118145 0.22826
36499.8 397.698 -37.1959 285.803 0.0607598 0.971593 0.00976033 0.22852
36500 398.319 -37.2055 284.597 0.0599462 0.971603 0.00919559 0.22872
36500.2 398.919 -37.2314 283.397 0.058934 0.97155 0.00913226 0.22922
36500.4 399.486 -37.2509 282.212 0.0592037 0.971619 0.00724035 0.2289
36500.6 400.073 -37.2625 281.024 0.0595047 0.971778 0.00518809 0.22819
36500.8 400.661 -37.28 279.811 0.0582548 0.971883 0.00639607 0.22804
36501 401.225 -37.288 278.577 0.0565775 0.972006 0.0110469 0.22776
36501.2 401.8 -37.3111 277.373 0.0559456 0.972335 0.0125305 0.22644
36501.4 402.373 -37.2909 276.178 0.0578972 0.972361 0.0110177 0.22592
36501.6 402.919 -37.3017 274.964 0.0600102 0.972435 0.0110539 0.22505
36501.8 403.516 -37.3163 273.775 0.0610257 0.972402 0.00733722 0.22509
36502 404.08 -37.3482 272.577 0.061987 0.972361 0.00456098 0.22504
36502.2 404.708 -37.3926 271.374 0.0607446 0.972373 0.00420903 0.22536
36502.4 405.296 -37.4042 270.167 0.0595537 0.972315 0.00437687 0.22593
36502.6 405.889 -37.4095 268.953 0.058161 0.972535 0.00623561 0.2253
36502.8 406.464 -37.43 267.741 0.0579857 0.972641 0.00653658 0.22487
36503 407.07 -37.4547 266.515 0.0568938 0.972738 0.0059035 0.22475
36503.2 407.647 -37.4638 265.269 0.0572523 0.972679 0.00590127 0.22492
36503.4 408.243 -37.4882 264.079 0.0565899 0.973013 0.00418499 0.22367
36503.6 408.803 -37.4955 262.832 0.0580476 0.972828 0.00606586 0.22405
36503.8 409.372 -37.5218 261.59 0.0596292 0.973041 0.00844528 0.22263
36504 409.958 -37.5426 260.361 0.0602708 0.973143 0.00823093 0.22201
36504.2 410.555 -37.5441 259.12 0.0593491 0.973221 0.00460672 0.22202
36504.4 411.14 -37.5941 257.92 0.0599102 0.973424 -0.00227742 0.22101
36504.6 411.71 -37.6259 256.706 0.0598615 0.97348 -0.00539726 0.22074
36504.8 412.277 -37.6697 255.457 0.0602497 0.973591 -0.00460995 0.22015
36505 412.845 -37.7166 254.222 0.0602182 0.973713 -0.00378993 0.21963
36505.2 413.412 -37.7711 252.979 0.0600911 0.9738 -0.00213921 0.21931
36505.4 413.943 -37.81 251.862 0.0592159 0.973735 -0.00107339 0.21983
36505.6 414.424 -37.8517 250.831 0.0592598 0.973603 -0.00148347 0.2204
