36470.700000000 -1.581746724 -1.116678430 -5.549394155 0.027286137 0.498700388 -0.028851205 0.865863980
36470.900000000 -1.600712588 -1.075988752 -4.818506985 0.027572688 0.500448519 -0.029598728 0.864820818
36471.100000000 -1.609564796 -1.025745582 -4.018046797 0.027657223 0.502284299 -0.030368045 0.863726574
36471.300000000 -1.606452287 -0.975070752 -3.147594402 0.028139321 0.504295604 -0.031112922 0.862512149
36471.500000000 -1.607317155 -0.917985492 -2.195419752 0.028724001 0.506516991 -0.031747908 0.861166543
36471.700000000 -1.600813619 -0.850112253 -1.174620571 0.029719311 0.508889136 -0.032432906 0.859706732
36471.900000000 -1.577901694 -0.798318543 -0.061542989 0.030612574 0.511374947 -0.032908888 0.858182181
36472.100000000 -1.544521078 -0.735144995 1.127602102 0.030632396 0.513499720 -0.033608955 0.856884507
36472.300000000 -1.500193080 -0.668546421 2.400833541 0.029912357 0.515078934 -0.034073588 0.855942525
36472.500000000 -1.424884475 -0.605378087 3.731372880 0.028514962 0.515602680 -0.034003146 0.855677077
36472.700000000 -1.371889867 -0.539239885 5.119797930 0.027422000 0.514750444 -0.034301238 0.856214172
36473.000000000 -1.321208771 -0.466138752 6.515420565 0.026560096 0.512678646 -0.034794782 0.857463462
36473.200000000 -1.280410637 -0.395766881 7.918362228 0.025991811 0.509376496 -0.034970389 0.859441032
36473.400000000 -1.258584893 -0.305034545 9.335936384 0.025635283 0.504370887 -0.034683998 0.862410274
36473.600000000 -1.261894894 -0.225127190 10.791951458 0.025020921 0.496196678 -0.034190832 0.867175323
36473.800000000 -1.325640349 -0.118033504 12.322750683 0.023594267 0.484011886 -0.033718206 0.874093610
36474.000000000 -1.442209980 -0.031209700 13.868703395 0.022865860 0.468148511 -0.033518011 0.882717823
36474.200000000 -1.607751880 0.095549461 15.446918995 0.023331149 0.449557718 -0.030297955 0.892432301
36474.400000000 -1.877358117 0.194339912 17.060639594 0.022412474 0.428293051 -0.026767276 0.902965395
36474.600000000 -2.222857827 0.292843300 18.694911306 0.022040380 0.404292258 -0.023661095 0.914058054
36474.800000000 -2.662702761 0.407835858 20.341325744 0.020303099 0.378325668 -0.020570489 0.925221198
36475.000000000 -3.205968947 0.510928758 21.995760968 0.020264871 0.352074381 -0.017641380 0.935586398
36475.200000000 -3.866830159 0.602102244 23.620922024 0.021610679 0.325641339 -0.015578206 0.945117992
36475.400000000 -4.627791513 0.681589269 25.225327404 0.023137768 0.297516215 -0.013490697 0.954341001
36475.600000000 -5.476713741 0.767909361 26.770955203 0.026517243 0.268915614 -0.010324028 0.962743269
36475.800000000 -6.438783796 0.854288323 28.295615044 0.027455588 0.240109879 -0.008082141 0.970323733
36476.000000000 -7.452369926 0.911492594 29.785977050 0.028576442 0.212172392 -0.004069031 0.976805875
36476.200000000 -8.580503262 0.979177533 31.222990271 0.030092456 0.186651949 -0.000081232 0.981965111
36476.400000000 -9.761771620 1.019560124 32.644995119 0.027077957 0.164642438 0.002778142 0.985977664
36476.600000000 -10.992883357 1.053982948 34.008122477 0.027978864 0.147329424 0.008919923 0.988651425
36476.800000000 -12.295019707 1.092091139 35.342857369 0.029418382 0.133507066 0.012177357 0.990536281
36477.000000000 -13.639460987 1.098786557 36.647670017 0.033225260 0.123433018 0.013568892 0.991703719
36477.200000000 -15.013267324 1.122410748 37.949185686 0.033729834 0.116524446 0.013965399 0.992516665
36477.400000000 -16.395553069 1.119162336 39.241322504 0.032957048 0.111549471 0.014851631 0.993101189
36477.600000000 -17.796007765 1.137948963 40.498372198 0.034342654 0.108361780 0.015710462 0.993393925
36477.800000000 -19.210384869 1.140254583 41.769649788 0.034514218 0.106403011 0.014948358 0.993611445
36478.000000000 -20.616342342 1.133712306 43.038674710 0.033697891 0.105353228 0.012883047 0.993780243
36478.200000000 -22.015148585 1.150003534 44.301010763 0.032218177 0.104804513 0.011768227 0.993901156
36478.400000000 -23.400700275 1.166384792 45.544015009 0.030769940 0.105013188 0.011490720 0.993928266
36478.600000000 -24.788168018 1.176519134 46.776316228 0.032718755 0.105555792 0.013404530 0.993784578
36478.800000000 -26.170517515 1.184291131 48.011878259 0.035294048 0.106570061 0.014995789 0.993565432
36479.000000000 -27.551663782 1.185475854 49.252485097 0.036184647 0.107442592 0.015280873 0.993435078
36479.200000000 -28.906140545 1.175293850 50.472546983 0.037457058 0.108336912 0.015200888 0.993292009
36479.400000000 -30.256076431 1.178509480 51.686634440 0.039140589 0.109486421 0.014614196 0.993109847
36479.600000000 -31.583522886 1.168870549 52.901493684 0.041639581 0.110878493 0.014952763 0.992848694
36479.800000000 -32.895943666 1.147693667 54.111890325 0.043207346 0.112568564 0.015480612 0.992583388
36480.000000000 -34.173586071 1.131453034 55.303729269 0.043899635 0.114464969 0.015863511 0.992330056
36480.200000000 -35.420387384 1.106574881 56.461672633 0.044721119 0.116850964 0.016747123 0.992000714
36480.400000000 -36.659518068 1.074556838 57.636177200 0.045396841 0.119567647 0.017089438 0.991640380
36480.600000000 -37.871688436 1.036937635 58.779698250 0.046656364 0.122850623 0.016841118 0.991184792
36480.800000000 -39.057091571 1.001301443 59.921432410 0.047567675 0.126869631 0.015440812 0.990657862
36481.000000000 -40.194720592 0.972934626 61.044886798 0.048771996 0.132025068 0.014476485 0.989939951
36481.200000000 -41.314427506 0.940346955 62.176173330 0.048995313 0.138555207 0.012761434 0.989059691
36481.400000000 -42.389948499 0.924831342 63.297816770 0.050307866 0.146362462 0.012327546 0.987874069
36481.600000000 -43.420747204 0.893931643 64.417134968 0.050891516 0.155799028 0.013340341 0.986386723
36481.800000000 -44.392731036 0.862918908 65.554986593 0.049542457 0.166833058 0.014512164 0.984632768
36482.000000000 -45.358529021 0.825995946 66.731048746 0.047631386 0.180283161 0.014411959 0.982355089
36482.200000000 -46.294484424 0.805300856 67.937377656 0.046082268 0.195731728 0.014045264 0.979473435
36482.400000000 -47.150936363 0.786187117 69.155846930 0.043934401 0.214276446 0.012128524 0.975709107
36482.600000000 -47.969257284 0.764320980 70.391230391 0.042214041 0.235943577 0.008896976 0.970808676
36482.800000000 -48.704205164 0.753566039 71.660622194 0.040485320 0.260818760 0.005351984 0.964523674
36483.000000000 -49.357689770 0.767687710 72.962879467 0.038358828 0.288957723 0.002318349 0.956570237
36483.200000000 -49.907406104 0.795028625 74.247370273 0.036730347 0.318183703 -0.000822481 0.947316923
36483.400000000 -50.366485313 0.807509175 75.557747777 0.034773952 0.347092088 -0.004732953 0.937174163
36483.600000000 -50.735087242 0.847111358 76.886088819 0.033239713 0.375509752 -0.007658929 0.926190593
36483.800000000 -51.026892801 0.873690024 78.185032659 0.032278560 0.402258056 -0.010605786 0.914895715
36484.000000000 -51.243909354 0.922691876 79.509434212 0.032125018 0.428046269 -0.012919181 0.903093227
36484.200000000 -51.392926419 0.950361294 80.838864378 0.033723720 0.453112686 -0.015180923 0.890685612
36484.400000000 -51.472841170 0.977421746 82.170471547 0.035263951 0.478171569 -0.017966767 0.877373973
36484.700000000 -51.456824869 1.013241850 83.536215816 0.034535836 0.502899326 -0.021015973 0.863399017
36484.900000000 -51.383332860 1.055178115 84.896925657 0.033375266 0.526232207 -0.024607782 0.849329475
36485.100000000 -51.228494813 1.099644590 86.262725716 0.031828411 0.548321217 -0.027856378 0.835197934
36485.300000000 -50.984293342 1.149100515 87.616922172 0.030425403 0.571532750 -0.030766264 0.819437759
36485.500000000 -50.673116016 1.195522320 88.918939428 0.030915811 0.596227798 -0.032995699 0.801542404
36485.700000000 -50.278569190 1.268712450 90.191767760 0.031485514 0.621919247 -0.034215929 0.781697857
36485.900000000 -49.796369190 1.294457752 91.442708436 0.030953745 0.647052156 -0.036978263 0.760919098
36486.100000000 -49.243533344 1.343846890 92.668825007 0.030372606 0.672224054 -0.039368548 0.738674260
36486.300000000 -48.588572252 1.386301009 93.838260896 0.029769221 0.696222285 -0.041193399 0.716026328
36486.500000000 -47.862871944 1.431971811 94.951158161 0.029099069 0.719589637 -0.042302645 0.692499389
36486.700000000 -47.083767634 1.470277907 96.033249359 0.027456561 0.740900293 -0.043798172 0.669609644
36486.900000000 -46.220073194 1.504027840 97.041574770 0.026360087 0.761233418 -0.044125966 0.646447780
36487.100000000 -45.314666486 1.573909334 98.037409906 0.026341647 0.780757094 -0.046251721 0.622561339
36487.300000000 -44.320210251 1.611510206 98.981253282 0.023400830 0.800261647 -0.050327834 0.597062158
36487.500000000 -43.253299891 1.662804400 99.851863450 0.021855106 0.820332141 -0.054707586 0.568848376
36487.700000000 -42.126702523 1.719055476 100.676698840 0.019907095 0.839878718 -0.060684619 0.539008125
36487.900000000 -40.909729701 1.783129686 101.411911488 0.017890976 0.857801151 -0.065953293 0.509419624
36488.100000000 -39.636273868 1.830433633 102.098580673 0.014438509 0.873687188 -0.073447411 0.480690000
36488.300000000 -38.297772494 1.877273102 102.690615025 0.010211884 0.888311422 -0.075509595 0.452880000
36488.500000000 -36.922613481 1.934213679 103.217846328 0.006163903 0.900988799 -0.080297668 0.426310000
36488.700000000 -35.525983718 1.993355119 103.648349129 0.002589084 0.912242266 -0.081083310 0.401550000
36488.900000000 -34.105401241 2.057200788 104.018767841 0.001023661 0.922441367 -0.082471703 0.377230000
36489.100000000 -32.666805312 2.113296950 104.310073023 -0.001378116 0.931201521 -0.082179479 0.355110000
36489.300000000 -31.216227322 2.168727827 104.535088329 -0.003569353 0.938710956 -0.082194671 0.334750000
36489.500000000 -29.748609452 2.227621589 104.720541773 -0.006156638 0.944778627 -0.083408175 0.316870000
36489.700000000 -28.281698687 2.298575567 104.837959849 -0.005756521 0.950223770 -0.083195282 0.300210000
36489.900000000 -26.822364914 2.357582456 104.915052918 -0.006250963 0.954668271 -0.082712573 0.285890000
36490.100000000 -25.368581906 2.411573909 104.956517425 -0.007892554 0.958234596 -0.081712283 0.273940000
36490.300000000 -23.906449737 2.469980005 104.963283770 -0.009269475 0.960895742 -0.081073221 0.264610000
36490.500000000 -22.465011933 2.525437579 104.952159909 -0.009903774 0.963132765 -0.082163711 0.255970000
36490.700000000 -21.023192136 2.588277671 104.916286048 -0.008661759 0.964976226 -0.082164890 0.248990000
36490.900000000 -19.593328044 2.624056326 104.864908003 -0.010171457 0.966091968 -0.081384203 0.244830000
36491.100000000 -18.178638267 2.683130080 104.816160263 -0.010826650 0.966417821 -0.081604206 0.243430000
36491.300000000 -16.785195495 2.734830884 104.763392032 -0.009678911 0.966547949 -0.082804214 0.242560000
36491.500000000 -15.406746695 2.785022194 104.706700511 -0.008738133 0.966763688 -0.083288720 0.241590000
36491.700000000 -14.068136069 2.827446242 104.657955664 -0.008560715 0.966997021 -0.083877671 0.240440000
36491.900000000 -12.769304912 2.866288768 104.602445721 -0.008624412 0.967341142 -0.084398631 0.238840000
36492.100000000 -11.516405300 2.907640100 104.542729954 -0.007801565 0.967671886 -0.084479837 0.237530000
36492.300000000 -10.276345295 2.934308357 104.484660945 -0.007720307 0.967890756 -0.084952466 0.236440000
36492.500000000 -9.094452548 2.969682320 104.420277618 -0.008173164 0.968146137 -0.084407101 0.235610000
36492.700000000 -7.954802193 3.000886871 104.361143704 -0.008239243 0.968345776 -0.084348213 0.234780000
36492.900000000 -6.849084002 3.037697350 104.304363893 -0.007432437 0.968445882 -0.085252082 0.234080000
36493.100000000 -5.778829531 3.063393119 104.245386853 -0.006281420 0.968552431 -0.085798321 0.233470000
36493.300000000 -4.709882735 3.084568554 104.186736238 -0.006243051 0.968762305 -0.084974319 0.232900000
36493.500000000 -3.681648282 3.117844234 104.129797078 -0.007853811 0.968937648 -0.084744688 0.232220000
36493.700000000 -2.663950393 3.140841757 104.075954743 -0.008840553 0.968988563 -0.085364084 0.231740000
36493.900000000 -1.679950062 3.179656758 104.013335059 -0.008137459 0.969173048 -0.085029686 0.231080000
36494.100000000 -0.695738638 3.201774630 103.953317548 -0.008032162 0.969278746 -0.085827781 0.230360000
36494.300000000 0.279488754 3.228105610 103.893136059 -0.007743067 0.969274864 -0.086532094 0.230110000
36494.500000000 1.243543252 3.255182895 103.833454029 -0.006923399 0.969380543 -0.086628393 0.229690000
36494.700000000 2.197251819 3.276272460 103.772560020 -0.005991699 0.969477183 -0.086648900 0.229270000
36494.900000000 3.150816226 3.298795102 103.709182965 -0.005568373 0.969627426 -0.086193297 0.228830000
36495.100000000 4.086682886 3.318332127 103.649516142 -0.005170035 0.969714852 -0.086437488 0.228390000
36495.300000000 5.034481218 3.345751674 103.587503892 -0.004540462 0.969923349 -0.085468945 0.227860000
36495.500000000 5.975212780 3.363026118 103.526562920 -0.003895456 0.969915774 -0.086881783 0.227360000
36495.700000000 6.894841495 3.371494535 103.464084503 -0.003244177 0.969946111 -0.086415223 0.227460000
36495.900000000 7.819158003 3.392279690 103.406219388 -0.002380435 0.970098315 -0.085937301 0.226990000
36496.100000000 8.736472691 3.397782164 103.350226220 -0.002049199 0.970146984 -0.085950633 0.226750000
36496.400000000 9.668163498 3.413786822 103.287716048 -0.001387381 0.970220194 -0.085612496 0.226600000
36496.600000000 10.591430412 3.429006902 103.226700015 -0.001037027 0.970202885 -0.085966300 0.226520000
36496.800000000 11.495130515 3.441817517 103.168047123 -0.000421866 0.970128164 -0.086898326 0.226510000
36497.000000000 12.407051647 3.461489368 103.104693365 0.000363579 0.970158609 -0.087104403 0.226300000
36497.200000000 13.352759793 3.477636944 103.044560955 0.001241965 0.970023131 -0.088415164 0.226340000
36497.400000000 14.325066031 3.499176600 102.979850661 0.003094881 0.969890986 -0.090283672 0.226160000
36497.600000000 15.366143756 3.505826298 102.902344600 0.003247537 0.969910358 -0.090282159 0.226060000
36497.800000000 16.485872227 3.512288709 102.829596169 0.002955991 0.969988546 -0.089854226 0.225900000
36498.000000000 17.640296637 3.521378821 102.752709257 0.003415378 0.969945619 -0.090699496 0.225770000
36498.200000000 18.848833650 3.537982949 102.674834587 0.003975417 0.969942964 -0.090326824 0.225900000
36498.400000000 20.115488948 3.549184777 102.594599841 0.004197512 0.969839563 -0.090267944 0.226380000
36498.600000000 21.404638932 3.556515942 102.507836915 0.004674283 0.969695780 -0.090807073 0.226750000
36498.800000000 22.705425510 3.565160903 102.412973150 0.005062004 0.969623136 -0.091350115 0.226850000
36499.000000000 24.024048742 3.566374504 102.324182165 0.005598364 0.969501622 -0.091647275 0.227250000
36499.200000000 25.346564505 3.573591427 102.233330030 0.005986250 0.969416907 -0.091442977 0.227660000
36499.400000000 26.695255880 3.580879941 102.146009507 0.005985173 0.969336544 -0.091594852 0.227940000
36499.600000000 28.028573528 3.578529065 102.071472596 0.007363010 0.969192241 -0.092275357 0.228260000
36499.800000000 29.365705491 3.577828430 101.985133663 0.009472721 0.969069192 -0.092710002 0.228520000
36500.000000000 30.720984694 3.576179122 101.926955479 0.009560300 0.968928246 -0.093686444 0.228720000
36500.200000000 32.060856402 3.555881004 101.856226557 0.009114750 0.968730135 -0.094577289 0.229220000
36500.400000000 33.371276568 3.538272722 101.763581172 0.010890936 0.968712047 -0.095285567 0.228900000
36500.600000000 34.694107873 3.531070803 101.685395428 0.012820793 0.968776749 -0.096059594 0.228190000
36500.800000000 36.039225486 3.516541200 101.596700853 0.011151180 0.968784805 -0.096554383 0.228040000
36501.000000000 37.390582604 3.506663938 101.475653931 0.006278905 0.968976488 -0.095728016 0.227760000
36501.200000000 38.721514470 3.485372810 101.381093662 0.004673089 0.969310371 -0.095592065 0.226440000
36501.400000000 40.043096841 3.507171944 101.282570291 0.006953334 0.969509926 -0.094665437 0.225920000
36501.600000000 41.368201641 3.493320990 101.156340176 0.007967292 0.969880998 -0.092847264 0.225050000
36501.800000000 42.696890977 3.484488449 101.086699872 0.011699234 0.969746876 -0.093796292 0.225090000
36502.000000000 44.017273531 3.453357381 100.987008560 0.014587481 0.969658901 -0.094328816 0.225040000
36502.200000000 45.373847625 3.418501657 100.941663816 0.014277849 0.969473892 -0.095568764 0.225360000
36502.400000000 46.713679360 3.410194446 100.855006726 0.013543054 0.969260993 -0.096498564 0.225930000
36502.600000000 48.061989213 3.408352307 100.768229923 0.011235978 0.969405341 -0.096813988 0.225300000
36502.800000000 49.399838180 3.389105680 100.669341405 0.010886397 0.969505270 -0.096832847 0.224870000
36503.000000000 50.765252140 3.369128563 100.590806695 0.010894446 0.969406870 -0.098094868 0.224750000
36503.200000000 52.133484784 3.359196647 100.475184131 0.011074644 0.969398583 -0.097779483 0.224920000
36503.400000000 53.462670041 3.340476321 100.405704338 0.012233388 0.969523432 -0.099241561 0.223670000
36503.600000000 54.823330732 3.329879129 100.274736972 0.011323626 0.969667836 -0.097039683 0.224050000
36503.800000000 56.184341939 3.302096706 100.156867126 0.010037157 0.970255467 -0.094548066 0.222630000
36504.000000000 57.542409551 3.282978362 100.059109938 0.010539799 0.970431948 -0.094118875 0.222010000
36504.200000000 58.916107505 3.283680697 99.961921122 0.013230753 0.970142559 -0.096700645 0.222020000
36504.400000000 60.248852447 3.237473526 99.882041234 0.019486298 0.969970456 -0.099630826 0.221010000
36504.600000000 61.586104022 3.206232024 99.779623399 0.022171679 0.969814509 -0.101213014 0.220740000
36504.800000000 62.952424323 3.160421142 99.659296284 0.021678590 0.970030079 -0.100510682 0.220150000
36505.000000000 64.307116774 3.112604867 99.547177791 0.020949118 0.970199949 -0.100153856 0.219630000
36505.200000000 65.668358544 3.056615645 99.431444141 0.019451118 0.970376306 -0.099465748 0.219310000
36505.400000000 66.902122927 3.019260642 99.344304920 0.018092668 0.970259504 -0.099682874 0.219830000
36505.600000000 68.036455026 2.977780832 99.256949383 0.018472291 0.970108355 -0.099826252 0.220400000
