37060.1 0 0 0 0 2.71051e-20 0 1
37060.3 0.053107 0.00925907 0.783834 0.000733084 0.023645 -0.00233917 0.999717
37060.5 0.144004 0.0181491 1.60424 0.000541773 0.0486432 -0.00550345 0.998801
37060.7 0.283671 0.0279161 2.45378 0.000893663 0.0738877 -0.00792231 0.997235
37060.9 0.467548 0.029962 3.31207 0.00177776 0.097226 -0.00769787 0.995231
37061.1 0.707348 0.0270175 4.19687 0.00216331 0.117699 -0.00773862 0.993017
37061.3 0.968498 0.0147351 5.07587 0.0022236 0.135687 -0.00813334 0.990716
37061.5 1.25537 0.00854503 5.96456 0.00192001 0.15026 -0.00844543 0.988609
37061.7 1.57269 0.0040382 6.86724 0.00175634 0.161243 -0.00731578 0.986886
37061.9 1.88886 0.01037 7.75401 0.00121635 0.169781 -0.00791189 0.985449
37062.1 2.24092 0.00395755 8.67473 0.00213168 0.175599 -0.0063912 0.984439
37062.3 2.60734 -0.00442833 9.60863 0.00194765 0.179684 -0.00789274 0.983691
37062.5 2.97721 -0.0167427 10.5496 0.00275443 0.183514 -0.00736823 0.982986
37062.7 3.36023 -0.0192793 11.4884 0.00282361 0.186538 -0.00692769 0.982419
37062.9 3.74976 -0.0290639 12.4261 0.00312215 0.188323 -0.00495731 0.98209
37063.1 4.14479 -0.0298019 13.3885 0.00316146 0.188354 -0.00325624 0.982091
37063.3 4.53151 -0.0386616 14.3549 0.00334012 0.187831 -0.00208647 0.982193
37063.5 4.93456 -0.0378868 15.328 0.00436793 0.187896 -0.000333351 0.982179
37063.7 5.33501 -0.047636 16.3163 0.00536911 0.187596 0.000653546 0.982231
37063.9 5.72899 -0.0699522 17.298 0.00572713 0.18723 0.00175918 0.982298
37064.1 6.13764 -0.0728629 18.3365 0.00348604 0.186626 0.00097395 0.982424
37064.3 6.55032 -0.0840212 19.3601 0.00369275 0.184908 0.00201195 0.982747
37064.5 6.94372 -0.0886093 20.3814 0.00446766 0.1839 0.00140657 0.982934
37064.7 7.33839 -0.0969615 21.4031 0.00453222 0.182394 0.00238854 0.983212
37064.9 7.71793 -0.0985002 22.4236 0.00323994 0.180921 0.00185026 0.983491
37065.1 8.11443 -0.104349 23.4304 0.0020963 0.179518 0.00193531 0.983751
37065.3 8.48318 -0.108133 24.4241 0.00339526 0.179047 0.000712021 0.983834
37065.5 8.84572 -0.111835 25.3957 0.00447677 0.177922 -0.000132205 0.984034
37065.7 9.21998 -0.126129 26.3829 0.00510206 0.17738 -0.000183355 0.984129
37065.9 9.58615 -0.132233 27.3743 0.0051244 0.17733 -0.000878882 0.984138
37066.1 9.96493 -0.148484 28.3562 0.00547523 0.177426 -0.000547193 0.984119
37066.3 10.3375 -0.157744 29.3579 0.00541805 0.177963 -0.00116992 0.984022
37066.5 10.7272 -0.16633 30.3752 0.0054493 0.178529 -0.0007106 0.983919
37066.7 11.1079 -0.175636 31.3773 0.00651885 0.179327 -0.000646752 0.983768
37066.9 11.4927 -0.19484 32.3874 0.00705884 0.179786 0.000228031 0.98368
37067.2 11.8854 -0.221407 33.406 0.00693954 0.180232 0.000786869 0.983599
37067.4 12.2782 -0.245429 34.4294 0.00688981 0.180124 0.0013763 0.983619
37067.6 12.6781 -0.250078 35.4536 0.00752428 0.179876 0.00124042 0.98366
37067.8 13.0809 -0.265953 36.4915 0.0077605 0.17971 0.00146244 0.983688
37068 13.4813 -0.277796 37.5362 0.00787023 0.179799 0.00186904 0.98367
37068.2 13.8802 -0.304408 38.5831 0.00779911 0.179753 0.00188231 0.983679
37068.4 14.2848 -0.328379 39.6328 0.00737943 0.179843 0.00273184 0.983664
37068.6 14.6939 -0.340632 40.6891 0.00762679 0.180073 0.00318377 0.983618
37068.8 15.0995 -0.357152 41.7377 0.00807744 0.179514 0.00268646 0.983719
37069 15.5015 -0.383219 42.7981 0.00808834 0.178851 0.00176232 0.983841
37069.2 15.9008 -0.393377 43.8679 0.00878092 0.178168 0.00100785 0.98396
37069.4 16.3098 -0.408648 44.9184 0.0107017 0.177883 0.00350409 0.983987
37069.6 16.7046 -0.421007 45.9891 0.00950498 0.177816 0.00310389 0.984013
37069.8 17.1055 -0.460082 47.0583 0.00777329 0.176916 0.00411813 0.984187
37070 17.4955 -0.481333 48.106 0.00895808 0.176378 0.0018486 0.98428
37070.2 17.8824 -0.484235 49.1593 0.00944639 0.175262 0.000432227 0.984476
37070.4 18.2668 -0.511935 50.1937 0.00771101 0.174936 0.000162832 0.98455
37070.6 18.6324 -0.539218 51.2064 0.00741665 0.174406 -0.000685601 0.984646
37070.8 19.0088 -0.544879 52.2088 0.00879463 0.173851 -0.00118012 0.984732
37071 19.3713 -0.566975 53.2072 0.00910795 0.173005 -0.00140628 0.984878
37071.2 19.7327 -0.585522 54.1978 0.00906046 0.172679 -0.00235183 0.984934
37071.4 20.1025 -0.613256 55.1945 0.00972538 0.172441 -0.00226957 0.984969
37071.6 20.4627 -0.62611 56.182 0.00988109 0.172786 -0.00251333 0.984907
37071.8 20.8305 -0.655466 57.17 0.0100194 0.17308 -0.00145222 0.984856
37072 21.2107 -0.681625 58.1763 0.00974838 0.173447 1.96415e-05 0.984795
37072.2 21.5793 -0.692881 59.1973 0.00910362 0.173863 5.46594e-05 0.984728
37072.4 21.9597 -0.715251 60.2102 0.00925023 0.173834 0.000638203 0.984731
37072.6 22.3338 -0.73734 61.2315 0.00980701 0.173548 0.00108653 0.984776
37072.8 22.7162 -0.759039 62.2693 0.010959 0.173116 0.000215751 0.98484
37073 23.1029 -0.778477 63.3087 0.011914 0.173169 0.000965631 0.98482
37073.2 23.4838 -0.80697 64.3582 0.011498 0.173078 5.60558e-05 0.984841
37073.4 23.8749 -0.831109 65.4107 0.0125195 0.172353 0.00110253 0.984955
37073.6 24.2688 -0.864762 66.47 0.0137324 0.172984 0.00254468 0.984826
37073.8 24.6619 -0.893802 67.5481 0.0128256 0.172709 6.82004e-05 0.984889
37074 25.0639 -0.927972 68.639 0.0116964 0.17224 0.00152902 0.984984
37074.2 25.4519 -0.948618 69.7086 0.0114725 0.172534 0.00128387 0.984936
37074.4 25.8447 -0.966088 70.7935 0.0114005 0.172063 0.000465566 0.98502
37074.6 26.2418 -0.994743 71.8931 0.0107566 0.172464 -0.000598039 0.984957
37074.8 26.6496 -1.01787 73.0017 0.0112823 0.17335 -0.00102456 0.984795
37075 27.0473 -1.04793 74.0721 0.0117871 0.174308 -0.00202728 0.984618
37075.2 27.4607 -1.07218 75.1804 0.0111946 0.175448 -0.00151714 0.984424
37075.4 27.8782 -1.10922 76.2939 0.0104577 0.17702 -0.00152182 0.98415
37075.6 28.3054 -1.1233 77.4123 0.0102257 0.17854 -0.00070369 0.983879
37075.8 28.7264 -1.15244 78.5158 0.0117294 0.180855 -0.000462601 0.98344
37076 29.1683 -1.16663 79.6315 0.0138024 0.183681 0.000465089 0.982889
37076.2 29.618 -1.20877 80.7341 0.014544 0.187465 0.00214139 0.982161
37076.4 30.0743 -1.24972 81.845 0.013094 0.190652 0.00141638 0.981569
37076.6 30.5456 -1.27824 82.9629 0.012368 0.193665 0.00146462 0.980989
37076.8 31.0162 -1.3049 84.0632 0.0131631 0.196903 0.00114102 0.980334
37077 31.4941 -1.34094 85.1521 0.014416 0.200012 0.00179187 0.979686
37077.2 31.9882 -1.37278 86.2617 0.0150198 0.202703 0.00351022 0.979119
37077.4 32.485 -1.41441 87.3656 0.0154119 0.205197 0.00534944 0.978585
37077.6 32.9808 -1.44687 88.4597 0.0157983 0.207072 0.00544337 0.978183
37077.8 33.4751 -1.48738 89.5376 0.0157455 0.208605 0.00645345 0.977852
37078 33.9837 -1.52408 90.6463 0.0157488 0.209548 0.00748646 0.977643
37078.2 34.4811 -1.5564 91.7421 0.0161721 0.209332 0.00752163 0.977682
37078.4 34.9685 -1.58734 92.8105 0.0168025 0.20873 0.00806956 0.977796
37078.6 35.455 -1.6231 93.876 0.0175405 0.208 0.00901543 0.97793
37078.8 35.9328 -1.66072 94.9464 0.0181541 0.207163 0.00953677 0.978092
37079.1 36.418 -1.69628 96.0359 0.0184289 0.206321 0.0107618 0.978252
37079.3 36.8988 -1.7399 97.1161 0.0189034 0.205106 0.0111273 0.978494
37079.5 37.3696 -1.78213 98.1836 0.0190629 0.203592 0.0106367 0.978812
37079.7 37.8427 -1.82106 99.2677 0.018893 0.201902 0.0113365 0.979158
37079.9 38.3033 -1.86863 100.354 0.0185793 0.200236 0.0101404 0.979519
37080.1 38.7584 -1.90856 101.434 0.0184809 0.19851 0.010685 0.979866
37080.3 39.2168 -1.9384 102.519 0.0185711 0.197027 0.0101967 0.980169
37080.5 39.6636 -1.97633 103.593 0.0186548 0.195339 0.00889728 0.980518
37080.7 40.119 -2.00646 104.666 0.0179839 0.193796 0.00943432 0.980832
37080.9 40.5598 -2.04864 105.745 0.0183554 0.192241 0.00822394 0.981142
37081.1 40.9905 -2.0851 106.799 0.0192224 0.190419 0.00817494 0.981481
37081.3 41.414 -2.1209 107.834 0.0198491 0.18889 0.0086773 0.981759
37081.5 41.8255 -2.15897 108.852 0.0198515 0.187446 0.00880587 0.982035
37081.7 42.231 -2.20941 109.862 0.0184632 0.186093 0.00920955 0.982316
37081.9 42.6177 -2.2542 110.849 0.0178077 0.184605 0.00970329 0.982603
37082.1 42.9838 -2.29105 111.791 0.01673 0.183207 0.0102028 0.982879
37082.3 43.3375 -2.32833 112.704 0.0169406 0.18177 0.00935752 0.983151
37082.5 43.6677 -2.36597 113.574 0.0169656 0.180522 0.00889103 0.983384
37082.7 43.9925 -2.38932 114.422 0.0170393 0.179325 0.0087308 0.983604
37082.9 44.303 -2.43323 115.251 0.0167725 0.178601 0.00803061 0.983746
37083.1 44.5987 -2.4642 116.022 0.0173481 0.178319 0.00741755 0.983792
37083.3 44.8868 -2.49245 116.772 0.0179556 0.177948 0.00689076 0.983852
37083.5 45.1655 -2.5271 117.496 0.0185259 0.177658 0.00636056 0.983897
