36653.3 530.573 -52.2561 134.857 0.0213415 0.301358 -0.0179638 0.953103
36653.5 531.052 -52.2879 135.519 0.0219972 0.303052 -0.0178508 0.952553
36653.7 531.556 -52.3329 136.22 0.0223697 0.304713 -0.018106 0.952009
36653.9 532.076 -52.3787 136.944 0.0231051 0.306473 -0.0183237 0.951422
36654.1 532.629 -52.426 137.7 0.0239199 0.308233 -0.0186419 0.950828
36654.3 533.206 -52.4766 138.487 0.024813 0.309949 -0.0190406 0.950239
36654.5 533.824 -52.5373 139.319 0.0255206 0.311021 -0.019207 0.949867
36654.7 534.467 -52.5988 140.195 0.0264716 0.311163 -0.0196732 0.949784
36654.9 535.141 -52.6676 141.103 0.0273855 0.310619 -0.0199984 0.949929
36655.1 535.841 -52.7436 142.053 0.0275685 0.309625 -0.020128 0.950246
36655.3 536.578 -52.817 143.048 0.0273013 0.30854 -0.0198744 0.950612
36655.5 537.319 -52.8908 144.059 0.0269064 0.307201 -0.0197697 0.951059
36655.7 538.064 -52.9633 145.085 0.0272141 0.304542 -0.0201073 0.951898
36655.9 538.825 -53.0402 146.149 0.0276067 0.30012 -0.0201926 0.953288
36656.1 539.565 -53.1228 147.246 0.0276914 0.295142 -0.0207449 0.954826
36656.3 540.317 -53.1994 148.369 0.0274747 0.291888 -0.0208582 0.95583
36656.5 541.094 -53.2918 149.516 0.026791 0.289265 -0.0199193 0.956666
36656.7 541.879 -53.3753 150.696 0.0260324 0.286518 -0.0192701 0.957527
36656.9 542.675 -53.4601 151.902 0.0259665 0.283327 -0.0194743 0.958474
36657.1 543.48 -53.5347 153.169 0.0260198 0.280164 -0.0199595 0.959392
36657.3 544.291 -53.6316 154.468 0.0256283 0.276943 -0.0209418 0.960317
36657.5 545.104 -53.7094 155.787 0.0215439 0.27467 -0.0198013 0.961093
36657.7 545.944 -53.7792 157.138 0.0198002 0.272404 -0.0202762 0.961765
36657.9 546.798 -53.8509 158.52 0.0201801 0.270084 -0.0201049 0.962415
36658.1 547.673 -53.9315 159.95 0.0215865 0.267746 -0.0204703 0.96303
36658.3 548.562 -54.0253 161.412 0.0218004 0.265551 -0.0201881 0.963639
36658.5 549.465 -54.1235 162.928 0.0216563 0.264613 -0.0200656 0.963902
36658.7 550.382 -54.2201 164.479 0.0225379 0.264062 -0.0191504 0.964052
36658.9 551.29 -54.3078 166.018 0.0244587 0.264362 -0.0188234 0.96393
36659.1 552.227 -54.4108 167.587 0.0273793 0.265635 -0.0194745 0.963488
36659.3 553.178 -54.5245 169.184 0.0295466 0.267344 -0.0208014 0.962923
36659.5 554.159 -54.6565 170.786 0.0310899 0.269273 -0.0221047 0.962308
36659.7 555.208 -54.7989 172.482 0.0309454 0.272433 -0.020269 0.961464
36659.9 556.231 -54.9345 174.124 0.031983 0.275014 -0.0203898 0.960692
36660.1 557.291 -55.0707 175.782 0.0331114 0.278676 -0.0202132 0.959601
36660.3 558.408 -55.2265 177.468 0.0336336 0.282075 -0.0199222 0.958596
36660.6 559.526 -55.3637 179.152 0.0351143 0.285927 -0.0201882 0.957395
36660.8 560.678 -55.5203 180.857 0.0354767 0.288099 -0.0194341 0.956746
36661 561.842 -55.67 182.593 0.0364095 0.288972 -0.0194914 0.956446
36661.2 562.999 -55.8439 184.355 0.0363497 0.290195 -0.0198331 0.956071
36661.4 564.195 -56.0002 186.129 0.0364077 0.290835 -0.0196946 0.955878
36661.6 565.402 -56.1746 187.897 0.0380693 0.291748 -0.0201468 0.955524
36661.8 566.64 -56.3628 189.679 0.0392602 0.29292 -0.0202766 0.955116
36662 567.88 -56.5462 191.481 0.0407705 0.29255 -0.0203659 0.955164
36662.2 569.099 -56.7382 193.322 0.0419474 0.290705 -0.0210604 0.955661
36662.4 570.293 -56.9336 195.21 0.0410512 0.289156 -0.021802 0.956153
36662.6 571.534 -57.1294 197.087 0.0390398 0.287608 -0.0217563 0.956704
36662.8 572.759 -57.3303 198.956 0.0399276 0.285815 -0.0225894 0.957186
36663 573.998 -57.5097 200.845 0.0391129 0.284516 -0.0225919 0.957607
36663.2 575.264 -57.701 202.755 0.0377499 0.283522 -0.0219813 0.95797
36663.4 576.559 -57.8849 204.651 0.036663 0.282782 -0.0199429 0.958275
36663.6 577.833 -58.0786 206.564 0.0386873 0.282081 -0.019645 0.958409
36663.8 579.067 -58.2827 208.522 0.0387816 0.280957 -0.0205939 0.958716
36664 580.299 -58.4804 210.475 0.0441662 0.279532 -0.0220966 0.958866
36664.2 581.541 -58.7045 212.471 0.0442922 0.276793 -0.0238628 0.959612
36664.4 582.785 -58.9399 214.467 0.045938 0.273695 -0.0258685 0.960371
36664.6 584.029 -59.1728 216.476 0.0465602 0.269323 -0.0277754 0.961523
36664.8 585.243 -59.4156 218.524 0.043374 0.264144 -0.0290363 0.96307
36665 586.413 -59.6668 220.559 0.0425207 0.258097 -0.0326008 0.964632
36665.2 587.569 -59.8977 222.617 0.0390357 0.252069 -0.0379385 0.966177
36665.4 588.674 -60.1135 224.685 0.0369044 0.245853 -0.0435347 0.967626
36665.6 589.746 -60.3373 226.739 0.0360757 0.239615 -0.0471389 0.969052
36665.8 590.788 -60.5404 228.782 0.0377516 0.233386 -0.0486896 0.97043
36666 591.808 -60.7739 230.835 0.0367337 0.227306 -0.0512932 0.971778
36666.2 592.78 -60.9939 232.893 0.0359988 0.220959 -0.0538981 0.973127
36666.4 593.714 -61.2047 234.932 0.0356673 0.214151 -0.0556245 0.974563
36666.6 594.618 -61.4142 236.966 0.0366026 0.206992 -0.0565089 0.976023
36666.8 595.499 -61.6312 239.009 0.0346661 0.19966 -0.0568143 0.977602
36667 596.31 -61.8304 241.06 0.034174 0.191737 -0.0587282 0.979091
36667.2 597.106 -62.0332 243.103 0.0323049 0.184664 -0.0589445 0.9805
36667.4 597.888 -62.2044 245.142 0.0301812 0.178418 -0.0585801 0.981745
36667.6 598.614 -62.3801 247.14 0.0315881 0.172701 -0.0574301 0.982791
36667.8 599.347 -62.5629 249.153 0.0316175 0.166393 -0.0549099 0.984022
36668 600.035 -62.7445 251.154 0.0327285 0.16038 -0.0503373 0.985228
36668.2 600.671 -62.917 253.142 0.0355835 0.153058 -0.0522336 0.986194
36668.4 601.287 -63.1274 255.135 0.036342 0.146389 -0.0499674 0.987295
36668.6 601.869 -63.288 257.134 0.0301964 0.141171 -0.0446392 0.988517
36668.8 602.453 -63.4253 259.131 0.0314039 0.136368 -0.0439789 0.989183
36669 602.997 -63.5901 261.128 0.0335565 0.13179 -0.0435454 0.989752
36669.2 603.533 -63.7579 263.116 0.0358293 0.12726 -0.043303 0.990276
36669.4 604.06 -63.9449 265.135 0.0348008 0.123501 -0.04 0.990927
36669.6 604.573 -64.0998 267.154 0.0356147 0.119024 -0.0365879 0.991578
36669.8 605.064 -64.2615 269.202 0.0354326 0.114224 -0.0326885 0.992285
36670 605.533 -64.4256 271.226 0.0360732 0.108571 -0.0296334 0.992992
36670.2 605.997 -64.5984 273.308 0.0371047 0.10334 -0.0250915 0.993637
36670.4 606.44 -64.7514 275.395 0.0373924 0.0981449 -0.0227648 0.994209
36670.6 606.853 -64.9215 277.484 0.0385648 0.0927193 -0.0188434 0.994767
36670.8 607.24 -65.0924 279.606 0.0396721 0.087688 -0.0188323 0.99518
36671 607.603 -65.2817 281.749 0.040516 0.0838729 -0.0196916 0.995458
36671.2 607.954 -65.4558 283.892 0.041853 0.079559 -0.0180532 0.995788
36671.4 608.303 -65.6572 286.075 0.036249 0.0759399 -0.0159308 0.996326
36671.6 608.638 -65.8021 288.279 0.0392448 0.0728086 -0.016285 0.99644
36671.8 608.951 -65.9816 290.48 0.0429844 0.0704433 -0.0192555 0.996403
36672 609.26 -66.1938 292.725 0.0416091 0.0690697 -0.0190143 0.996562
36672.3 609.578 -66.3834 294.965 0.0422305 0.0677816 -0.0197763 0.99661
36672.5 609.885 -66.5657 297.224 0.0407168 0.0668189 -0.0209448 0.996714
36672.7 610.187 -66.7702 299.48 0.0396561 0.0660639 -0.0225568 0.996772
36672.9 610.49 -66.9509 301.766 0.0407247 0.0653048 -0.0228224 0.996773
36673.1 610.798 -67.1463 304.057 0.0407027 0.0644059 -0.0225709 0.996838
36673.3 611.109 -67.3347 306.361 0.041111 0.0637931 -0.0234225 0.996841
36673.5 611.41 -67.5425 308.683 0.0406992 0.063185 -0.0227188 0.996913
36673.7 611.716 -67.7244 311.006 0.0412146 0.0624329 -0.0219811 0.996956
36673.9 612.019 -67.9236 313.324 0.0403947 0.0617364 -0.0205644 0.997063
36674.1 612.313 -68.1263 315.646 0.0404382 0.0610257 -0.0202235 0.997112
36674.3 612.596 -68.3348 317.951 0.0415175 0.0602767 -0.0204394 0.997108
36674.5 612.881 -68.531 320.261 0.0422065 0.0594482 -0.0203224 0.997132
36674.7 613.171 -68.7344 322.578 0.0407545 0.0589272 -0.0199822 0.99723
36674.9 613.456 -68.9368 324.885 0.0412868 0.0578727 -0.0199839 0.99727
36675.1 613.735 -69.131 327.179 0.0429947 0.0564388 -0.0192027 0.997295
36675.3 613.997 -69.3458 329.494 0.0433912 0.0543178 -0.0187717 0.997404
36675.5 614.25 -69.5516 331.795 0.0436927 0.0520298 -0.01852 0.997517
36675.7 614.501 -69.7576 334.105 0.0437331 0.0499296 -0.0175867 0.99764
36675.9 614.731 -69.9702 336.419 0.0430624 0.0480365 -0.0176392 0.997761
36676.1 614.949 -70.1794 338.742 0.0412984 0.0461019 -0.0179746 0.997921
36676.3 615.159 -70.3799 341.042 0.0429569 0.0439885 -0.017422 0.997956
36676.5 615.375 -70.5725 343.36 0.0428147 0.0421234 -0.0162779 0.998062
36676.7 615.572 -70.7996 345.675 0.0421681 0.0406805 -0.0159813 0.998154
36676.9 615.764 -70.9902 347.987 0.0443138 0.0393632 -0.0160331 0.998113
36677.1 615.95 -71.1935 350.31 0.0422147 0.0382614 -0.0143476 0.998273
36677.3 616.114 -71.4165 352.589 0.0438818 0.0374141 -0.0161172 0.998206
36677.5 616.279 -71.6113 354.871 0.0452566 0.0369538 -0.0182254 0.998125
36677.7 616.444 -71.8279 357.142 0.0431271 0.0372355 -0.020682 0.998161
36677.9 616.617 -72.0187 359.384 0.0440597 0.0386826 -0.0200905 0.998078
36678.1 616.805 -72.234 361.627 0.0442643 0.0392274 -0.0200727 0.998048
36678.3 616.979 -72.4331 363.854 0.0441907 0.0397375 -0.0211631 0.998008
36678.5 617.164 -72.6235 366.072 0.0453178 0.0409891 -0.0206124 0.997918
36678.7 617.368 -72.8463 368.289 0.0454727 0.044077 -0.0201085 0.99779
36678.9 617.587 -73.0682 370.485 0.0452917 0.0490157 -0.0187653 0.997594
36679.1 617.829 -73.2638 372.646 0.0446397 0.0561412 -0.0157128 0.997301
36679.3 618.103 -73.462 374.802 0.0465832 0.0648236 -0.0152096 0.996693
36679.5 618.397 -73.672 376.92 0.047713 0.0743961 -0.0158027 0.995961
36679.7 618.749 -73.9098 379.028 0.0484646 0.0851364 -0.0177853 0.995031
36679.9 619.155 -74.122 381.104 0.0493566 0.0966688 -0.01674 0.993951
36680.1 619.595 -74.3497 383.154 0.049439 0.108597 -0.0188002 0.992678
36680.3 620.097 -74.5645 385.191 0.0511823 0.119705 -0.0189598 0.991308
36680.5 620.638 -74.7996 387.182 0.0514864 0.130583 -0.0179896 0.989936
36680.7 621.204 -75.008 389.148 0.0515782 0.140043 -0.0177056 0.988642
36680.9 621.816 -75.2347 391.124 0.0524904 0.148353 -0.0174253 0.987387
36681.1 622.464 -75.4609 393.077 0.0523155 0.15614 -0.0174968 0.986193
36681.3 623.138 -75.6873 395.022 0.0533854 0.163565 -0.017036 0.98494
36681.5 623.839 -75.9181 396.952 0.0545221 0.168978 -0.0165222 0.983972
36681.7 624.558 -76.1568 398.893 0.0541631 0.17336 -0.0157171 0.983242
36681.9 625.282 -76.386 400.843 0.0561426 0.17746 -0.0156767 0.9824
36682.1 626.038 -76.6423 402.786 0.0562102 0.18188 -0.0155844 0.981589
36682.3 626.813 -76.8888 404.734 0.056526 0.186203 -0.0153335 0.980764
36682.5 627.592 -77.133 406.663 0.0563842 0.190678 -0.0153599 0.979911
36682.7 628.38 -77.3839 408.547 0.058003 0.194406 -0.0154166 0.979083
36682.9 629.185 -77.6405 410.416 0.058818 0.19757 -0.0137571 0.978426
36683.1 629.994 -77.89 412.265 0.0586422 0.200679 -0.011871 0.977828
36683.3 630.808 -78.1392 414.092 0.0601515 0.20358 -0.0115555 0.97714
36683.5 631.609 -78.3921 415.867 0.0597294 0.206654 -0.0104778 0.976533
36683.7 632.406 -78.6396 417.621 0.0584953 0.20968 -0.00950472 0.975972
36684 633.19 -78.8783 419.315 0.0576511 0.212754 -0.00873425 0.975364
36684.2 633.963 -79.0924 420.948 0.0582652 0.21585 -0.00846335 0.97465
36684.4 634.717 -79.3132 422.526 0.0582388 0.219053 -0.00867848 0.973935
36684.6 635.458 -79.5204 424.051 0.0575723 0.222211 -0.00860929 0.973259
36684.8 636.161 -79.7259 425.483 0.0574984 0.225534 -0.0089043 0.972497
36685 636.845 -79.914 426.832 0.0582159 0.228965 -0.00944461 0.971647
36685.2 637.508 -80.0862 428.111 0.0586236 0.232526 -0.00888305 0.970781
36685.4 638.146 -80.265 429.326 0.0587869 0.235893 -0.0082096 0.969964
36685.6 638.763 -80.4352 430.467 0.0590961 0.239078 -0.00747685 0.969171
36685.8 639.345 -80.5867 431.539 0.059665 0.242266 -0.00680578 0.96835
36686 639.906 -80.7314 432.561 0.0600343 0.245168 -0.00644294 0.967599
36686.2 640.441 -80.8724 433.523 0.0605943 0.247784 -0.00636088 0.966898
36686.4 640.957 -81.004 434.44 0.0606719 0.250411 -0.00659566 0.966214
36686.6 641.479 -81.1472 435.355 0.0601086 0.253047 -0.00708637 0.965559
36686.8 641.986 -81.2714 436.249 0.0599228 0.255641 -0.00772941 0.964882
36687 642.488 -81.3932 437.12 0.0599157 0.258163 -0.00836357 0.964206
36687.2 642.997 -81.5157 437.962 0.0601806 0.260774 -0.00897955 0.96348
36687.4 643.483 -81.6278 438.783 0.0604769 0.263747 -0.00937639 0.962649
36687.6 643.973 -81.7439 439.584 0.060796 0.266838 -0.00977351 0.961772
36687.8 644.462 -81.8597 440.373 0.0607601 0.270111 -0.0102087 0.960856
36688 644.937 -81.9762 441.137 0.0610327 0.273403 -0.0108759 0.9599
36688.2 645.427 -82.0906 441.881 0.0615345 0.277242 -0.0108955 0.958766
36688.4 645.909 -82.2002 442.621 0.0623342 0.28121 -0.0117372 0.957548
36688.6 646.423 -82.3062 443.383 0.0632529 0.286087 -0.0118011 0.956041
36688.8 646.963 -82.4286 444.164 0.0640068 0.291167 -0.0118943 0.954454
36689 647.51 -82.5541 444.948 0.0651121 0.29649 -0.0128604 0.952727
36689.2 648.085 -82.6724 445.764 0.0670309 0.301559 -0.0137812 0.950989
36689.4 648.677 -82.8078 446.602 0.0675712 0.306815 -0.0151634 0.949247
36689.6 649.281 -82.9415 447.46 0.067585 0.311651 -0.0172914 0.947632
36689.8 649.9 -83.0798 448.306 0.0690335 0.316408 -0.0200386 0.945895
36690 650.551 -83.2749 449.119 0.0687479 0.321417 -0.0321253 0.943892
36690.2 651.204 -83.4151 449.962 0.0697648 0.325857 -0.0337891 0.942235
36690.4 651.88 -83.5746 450.827 0.0696948 0.33114 -0.0353275 0.940341
36690.6 652.606 -83.734 451.748 0.0683437 0.336257 -0.0362973 0.938586
36690.8 653.392 -83.9291 452.667 0.0668428 0.341698 -0.0353362 0.936763
36691 654.221 -84.1029 453.647 0.0662224 0.346767 -0.0360608 0.934916
36691.2 655.135 -84.2956 454.66 0.0656161 0.350924 -0.0353834 0.933432
36691.4 656.105 -84.5008 455.718 0.0633188 0.35341 -0.0342227 0.932696
36691.6 657.12 -84.7109 456.845 0.0603793 0.355309 -0.0323964 0.932234
36691.8 658.145 -84.8889 457.949 0.0595373 0.356581 -0.0316629 0.931826
36692 659.195 -85.0924 459.095 0.0598331 0.357678 -0.0306568 0.931422
36692.2 660.28 -85.2927 460.275 0.0597978 0.359114 -0.0296891 0.930904
36692.4 661.394 -85.5188 461.502 0.0612999 0.360351 -0.0297806 0.930323
36692.6 662.563 -85.7319 462.752 0.0613852 0.362076 -0.0283743 0.929693
36692.8 663.806 -85.9485 464.038 0.0609186 0.363647 -0.0264034 0.929167
36693 665.089 -86.1715 465.375 0.0626357 0.364768 -0.0238265 0.928683
36693.2 666.393 -86.4276 466.757 0.0650975 0.363312 -0.0193001 0.92919
36693.4 667.732 -86.6736 468.187 0.0652672 0.360471 -0.0170265 0.930329
36693.6 669.1 -86.952 469.693 0.0669493 0.357516 -0.0170826 0.931348
36693.8 670.474 -87.2279 471.228 0.0645671 0.355418 -0.0164236 0.93233
36694 671.856 -87.4975 472.786 0.0652161 0.353881 -0.0165453 0.932868
36694.2 673.262 -87.7851 474.366 0.0655634 0.352971 -0.016316 0.933192
36694.4 674.684 -88.0576 475.979 0.0658385 0.352993 -0.0171979 0.933148
36694.6 676.123 -88.3483 477.609 0.0663694 0.354218 -0.0174433 0.932642
36694.8 677.603 -88.6512 479.237 0.0668356 0.357437 -0.0172916 0.931382
36695 679.123 -88.9488 480.866 0.06794 0.36025 -0.0157934 0.930244
36695.2 680.657 -89.2611 482.502 0.0685747 0.362417 -0.0146811 0.929374
36695.4 682.23 -89.5758 484.185 0.0678585 0.36417 -0.0135293 0.928759
36695.6 683.823 -89.8952 485.879 0.0675865 0.365668 -0.01379 0.928186
36695.9 685.433 -90.2017 487.576 0.0690034 0.36681 -0.012761 0.927645
36696.1 687.058 -90.5321 489.283 0.0698469 0.367417 -0.0131875 0.927335
36696.3 688.701 -90.865 491.008 0.0687332 0.368239 -0.0124416 0.927103
36696.5 690.341 -91.1849 492.717 0.0673811 0.368824 -0.0119637 0.926975
36696.7 691.99 -91.5207 494.435 0.0670783 0.36933 -0.0145027 0.926761
36696.9 693.622 -91.8303 496.139 0.0700855 0.369582 -0.0146327 0.926436
36697.1 695.284 -92.1714 497.848 0.0685803 0.369397 -0.0114926 0.926667
36697.3 696.919 -92.5077 499.554 0.0698295 0.369602 -0.012511 0.926478
36697.5 698.57 -92.836 501.273 0.0697173 0.369751 -0.0134005 0.926414
36697.7 700.225 -93.1668 502.97 0.069552 0.369917 -0.0133797 0.926361
36697.9 701.874 -93.4928 504.675 0.0697455 0.370105 -0.0120813 0.92629
36698.1 703.532 -93.8293 506.381 0.0711208 0.370319 -0.0122306 0.926098
36698.3 705.184 -94.1608 508.084 0.0726803 0.370399 -0.0111809 0.925958
36698.5 706.854 -94.5079 509.803 0.071251 0.370746 -0.0107921 0.925934
36698.7 708.524 -94.8454 511.53 0.0701167 0.371239 -0.0103755 0.925828
36698.9 710.193 -95.1811 513.256 0.0700831 0.371777 -0.0115662 0.925601
36699.1 711.869 -95.516 514.979 0.0691535 0.372739 -0.0122617 0.925274
36699.3 713.554 -95.8443 516.702 0.0692362 0.374438 -0.0142552 0.924555
36699.5 715.252 -96.1901 518.415 0.069209 0.376994 -0.0148891 0.923506
36699.7 716.944 -96.5421 520.098 0.0693087 0.380295 -0.0145752 0.922149
36699.9 718.641 -96.86 521.775 0.0698198 0.38388 -0.0151244 0.920615
36700.1 720.343 -97.2119 523.414 0.0699843 0.38692 -0.0145705 0.919338
36700.3 722.031 -97.5502 525.029 0.0691789 0.3895 -0.0150595 0.918301
36700.5 723.709 -97.8716 526.624 0.0696413 0.392339 -0.0155172 0.917049
36700.7 725.378 -98.2138 528.169 0.0708375 0.394757 -0.0151889 0.915924
36700.9 727.055 -98.5464 529.718 0.0720957 0.396874 -0.0149105 0.914915
36701.1 728.718 -98.8831 531.238 0.0728838 0.398975 -0.0145791 0.913943
36701.3 730.38 -99.2225 532.751 0.0718107 0.401194 -0.0147958 0.913053
36701.5 732.036 -99.5547 534.246 0.0710949 0.403354 -0.0152247 0.912151
36701.7 733.678 -99.867 535.713 0.0707938 0.405234 -0.0153558 0.911339
36701.9 735.328 -100.179 537.16 0.0720065 0.407244 -0.013947 0.91037
36702.1 736.969 -100.496 538.578 0.0756558 0.409081 -0.0124737 0.909271
36702.3 738.592 -100.849 539.962 0.0763713 0.411746 -0.0117827 0.908017
36702.5 740.214 -101.15 541.361 0.0757487 0.414904 -0.0111238 0.906639
36702.7 741.828 -101.474 542.715 0.0751266 0.418828 -0.0119562 0.904873
36702.9 743.452 -101.789 544.06 0.074055 0.42383 -0.0109574 0.902642
36703.1 745.072 -102.099 545.35 0.0759213 0.427823 -0.0109561 0.900601
36703.3 746.683 -102.4 546.634 0.0777865 0.432473 -0.0122659 0.898201
36703.5 748.292 -102.721 547.881 0.07803 0.436467 -0.0126141 0.896241
36703.7 749.907 -103.034 549.107 0.0762382 0.439873 -0.012748 0.894726
36703.9 751.488 -103.336 550.3 0.0763693 0.44231 -0.0132828 0.893505
36704.1 753.055 -103.635 551.47 0.0771323 0.444792 -0.0138019 0.8922
36704.3 754.599 -103.944 552.607 0.077549 0.44713 -0.0145985 0.890981
36704.5 756.133 -104.247 553.715 0.0773584 0.449504 -0.0150711 0.889794
36704.7 757.652 -104.542 554.793 0.0802601 0.451777 -0.0149837 0.888385
36704.9 759.191 -104.867 555.86 0.0790041 0.454546 -0.0132601 0.887113
36705.1 760.71 -105.129 556.912 0.0795779 0.456966 -0.0118278 0.885839
36705.3 762.209 -105.402 557.957 0.0820823 0.45921 -0.0127778 0.884436
36705.5 763.716 -105.705 558.998 0.0823274 0.461166 -0.0152826 0.883353
36705.7 765.219 -106.003 560.037 0.078789 0.46184 -0.0160707 0.883311
36705.9 766.721 -106.279 561.064 0.0780642 0.461407 -0.0165353 0.883592
36706.1 768.231 -106.565 562.098 0.0764302 0.460655 -0.0155935 0.884146
36706.3 769.735 -106.859 563.119 0.0762018 0.459533 -0.0138101 0.884778
36706.5 771.314 -107.13 564.195 0.0706806 0.459849 -0.00878462 0.885137
36706.7 772.824 -107.357 565.254 0.0735003 0.457915 -0.0118698 0.885872
36706.9 774.298 -107.596 566.284 0.079107 0.456191 -0.0165536 0.886205
36707.1 775.822 -107.925 567.37 0.0799933 0.454656 -0.0154567 0.886932
36707.3 777.324 -108.223 568.435 0.0815116 0.452998 -0.015274 0.887647
36707.6 778.853 -108.526 569.524 0.0822591 0.452007 -0.0146771 0.888092
36707.8 780.394 -108.813 570.626 0.0817794 0.451063 -0.0122924 0.888652
36708 781.937 -109.117 571.735 0.0811619 0.450867 -0.0141881 0.88878
36708.2 783.492 -109.426 572.863 0.0790936 0.450748 -0.0147944 0.889016
36708.4 785.061 -109.731 573.998 0.0789443 0.450972 -0.0156539 0.888902
36708.6 786.644 -110.025 575.132 0.0785514 0.451515 -0.0152423 0.888669
36708.8 788.25 -110.331 576.287 0.0793304 0.451982 -0.015758 0.888352
36709 789.878 -110.638 577.416 0.0805207 0.452813 -0.0161673 0.887816
36709.2 791.503 -110.953 578.564 0.081714 0.454011 -0.0159469 0.887098
36709.4 793.152 -111.276 579.721 0.0819347 0.455056 -0.01545 0.886551
36709.6 794.808 -111.606 580.883 0.0818461 0.456182 -0.0152814 0.885985
36709.8 796.468 -111.934 582.041 0.0823066 0.457376 -0.0153662 0.885322
36710 798.151 -112.249 583.199 0.0828801 0.458962 -0.0151826 0.884451
36710.2 799.839 -112.581 584.364 0.0830421 0.460991 -0.0155071 0.883376
36710.4 801.55 -112.919 585.521 0.081937 0.463067 -0.0153632 0.882393
36710.6 803.256 -113.237 586.667 0.0829427 0.465346 -0.0176434 0.881056
36710.8 804.978 -113.574 587.805 0.0805748 0.468187 -0.0149327 0.879821
36711 806.703 -113.915 588.92 0.0811934 0.470657 -0.0129608 0.878478
36711.2 808.399 -114.234 590.001 0.0861767 0.473112 -0.0134172 0.876674
36711.4 810.107 -114.576 591.081 0.0842315 0.476098 -0.0124395 0.875261
36711.6 811.776 -114.91 592.133 0.0832981 0.478992 -0.0139682 0.873747
36711.8 813.445 -115.222 593.161 0.0837398 0.481783 -0.0143657 0.872164
36712 815.098 -115.539 594.164 0.0828102 0.484549 -0.0131341 0.870738
36712.2 816.722 -115.858 595.138 0.0828488 0.486967 -0.0123483 0.869394
